xof 0303txt 0032
template XSkinMeshHeader {
 <3cf169ce-ff7c-44ab-93c0-f78f62d172e2>
 WORD nMaxSkinWeightsPerVertex;
 WORD nMaxSkinWeightsPerFace;
 WORD nBones;
}

template VertexDuplicationIndices {
 <b8d65549-d7c9-4995-89cf-53a9a8b031e3>
 DWORD nIndices;
 DWORD nOriginalVertices;
 array DWORD indices[nIndices];
}

template SkinWeights {
 <6f0d123b-bad2-4167-a0d0-80224f25fabb>
 STRING transformNodeName;
 DWORD nWeights;
 array DWORD vertexIndices[nWeights];
 array FLOAT weights[nWeights];
 Matrix4x4 matrixOffset;
}

template AnimTicksPerSecond {
 <9e415a43-7ba6-4a73-8743-b73d47e88476>
 DWORD AnimTicksPerSecond;
}

template VertexElement {
 <f752461c-1e23-48f6-b9f8-8350850f336f>
 DWORD Type;
 DWORD Method;
 DWORD Usage;
 DWORD UsageIndex;
}

template DeclData {
 <bf22e553-292c-4781-9fea-62bd554bdd93>
 DWORD nElements;
 array VertexElement Elements[nElements];
 DWORD nDWords;
 array DWORD data[nDWords];
}


AnimTicksPerSecond {
 4800;
}

Frame Dummy01 {
 

 FrameTransformMatrix {
  1.000000,0.000000,0.000000,0.000000,0.000000,-0.000000,-1.000000,0.000000,0.000000,1.000000,-0.000000,0.000000,0.000000,0.000000,0.000000,1.000000;;
 }

 Frame Bip01 {
  

  FrameTransformMatrix {
   0.000001,0.965926,-0.258819,0.000000,-0.000001,0.258819,0.965926,0.000000,1.000000,-0.000001,0.000001,0.000000,0.017562,0.030000,0.505590,1.000000;;
  }

  Frame Bip01_Pelvis {
   

   FrameTransformMatrix {
    0.000823,0.998517,-0.054440,0.000000,-0.030222,0.054440,0.998060,0.000000,0.999543,0.000823,0.030222,0.000000,0.000000,0.000000,0.000000,1.000000;;
   }

   Frame Bip01_Spine {
    

    FrameTransformMatrix {
     0.993198,0.116388,0.003498,0.000000,-0.116441,0.992741,0.030115,0.000000,0.000033,-0.030317,0.999540,0.000000,0.051557,0.002813,-0.000042,1.000000;;
    }

    Frame Bip01_Spine1 {
     

     FrameTransformMatrix {
      0.952099,0.057825,0.300274,0.000000,-0.164269,0.924959,0.342735,0.000000,-0.257922,-0.375643,0.890151,0.000000,0.106502,0.000032,-0.000075,1.000000;;
     }

     Frame Bip01_Neck {
      

      FrameTransformMatrix {
       1.000000,-0.000000,-0.000000,0.000000,-0.000000,1.000000,0.000000,0.000000,0.000000,0.000000,1.000000,0.000000,0.130505,-0.000000,0.004625,1.000000;;
      }

      Frame Bip01_Head {
       

       FrameTransformMatrix {
        0.946419,-0.221755,-0.234767,0.000000,0.116918,0.912934,-0.391002,0.000000,0.301033,0.342603,0.889945,0.000000,0.033674,0.000000,-0.000000,1.000000;;
       }

       Frame Bip01_HeadNub {
        

        FrameTransformMatrix {
         1.000000,-0.000000,0.000000,0.000000,-0.000000,1.000000,0.000000,0.000000,0.000000,-0.000000,1.000000,0.000000,0.169824,0.000000,0.000000,1.000000;;
        }
       }
      }

      Frame Bip01_L_Clavicle {
       

       FrameTransformMatrix {
        -0.000088,0.993875,-0.110506,0.000000,1.000000,0.000000,-0.000796,0.000000,-0.000791,-0.110505,-0.993875,0.000000,-0.024025,0.015715,-0.004625,1.000000;;
       }

       Frame Bip01_L_UpperArm {
        

        FrameTransformMatrix {
         0.383989,-0.913303,-0.135760,0.000000,0.921882,0.387470,0.000842,0.000000,0.051834,-0.125478,0.990742,0.000000,0.087086,0.000000,0.000000,1.000000;;
        }

        Frame Bip01_L_Forearm {
         

         FrameTransformMatrix {
          -0.216724,0.000000,-0.976233,0.000000,0.000000,1.000000,0.000000,0.000000,0.976233,0.000000,-0.216724,0.000000,0.137062,0.000000,0.000000,1.000000;;
         }

         Frame Bip01_L_Hand {
          

          FrameTransformMatrix {
           0.985327,-0.108917,-0.131410,0.000000,0.132282,0.000792,0.991212,0.000000,-0.107856,-0.994051,0.015188,0.000000,0.137062,-0.000000,0.000000,1.000000;;
          }

          Frame Bip01_L_Finger0 {
           

           FrameTransformMatrix {
            0.572546,-0.037440,0.819018,0.000000,0.558537,0.749101,-0.356210,0.000000,-0.600190,0.661398,0.449806,0.000000,0.057681,-0.023605,-0.000272,1.000000;;
           }

           Frame Bip01_L_Finger0Nub {
            

            FrameTransformMatrix {
             1.000000,0.000000,0.000000,0.000000,0.000000,1.000000,-0.000000,0.000000,-0.000000,0.000000,1.000000,0.000000,0.029435,0.000000,0.000000,1.000000;;
            }
           }
          }

          Frame Bip01_L_Finger1 {
           

           FrameTransformMatrix {
            0.559826,-0.000660,0.828610,0.000000,0.000000,1.000000,0.000796,0.000000,-0.828610,-0.000446,0.559826,0.000000,0.084102,-0.000000,-0.000000,1.000000;;
           }

           Frame Bip01_L_Finger1Nub {
            

            FrameTransformMatrix {
             1.000000,-0.000000,-0.000000,0.000000,0.000000,1.000000,0.000000,0.000000,0.000000,0.000000,1.000000,0.000000,0.047988,-0.000000,0.000000,1.000000;;
            }
           }
          }
         }
        }
       }
      }

      Frame Bip01_R_Clavicle {
       

       FrameTransformMatrix {
        -0.000000,-1.000000,0.000003,0.000000,-1.000000,0.000000,0.000796,0.000000,-0.000796,-0.000003,-1.000000,0.000000,-0.024025,-0.015715,-0.004625,1.000000;;
       }

       Frame Bip01_R_UpperArm {
        

        FrameTransformMatrix {
         0.152484,0.983193,0.100401,0.000000,-0.874646,0.086950,0.476900,0.000000,0.460155,-0.160535,0.873205,0.000000,0.087086,0.000000,0.000000,1.000000;;
        }

        Frame Bip01_R_Forearm {
         

         FrameTransformMatrix {
          -0.341378,-0.000000,-0.939926,0.000000,0.000000,1.000000,0.000000,0.000000,0.939926,-0.000000,-0.341378,0.000000,0.137062,0.000000,-0.000000,1.000000;;
         }

         Frame Bip01_R_Hand {
          

          FrameTransformMatrix {
           0.850944,0.321710,-0.415208,0.000000,-0.438751,0.000754,-0.898609,0.000000,-0.288778,0.946838,0.141792,0.000000,0.137062,-0.000000,0.000000,1.000000;;
          }

          Frame Bip01_R_Finger0 {
           

           FrameTransformMatrix {
            0.692409,0.184599,0.697491,0.000000,-0.558537,0.749101,0.356210,0.000000,-0.456735,-0.636217,0.621789,0.000000,0.057681,0.023605,-0.000272,1.000000;;
           }

           Frame Bip01_R_Finger0Nub {
            

            FrameTransformMatrix {
             -1.000000,0.000000,0.000000,0.000000,0.000000,1.000000,-0.000000,0.000000,-0.000000,0.000000,-1.000000,0.000000,0.029435,-0.000000,0.000000,1.000000;;
            }
           }
          }

          Frame Bip01_R_Finger1 {
           

           FrameTransformMatrix {
            0.731163,0.000543,0.682202,0.000000,-0.000000,1.000000,-0.000796,0.000000,-0.682202,0.000582,0.731163,0.000000,0.084102,-0.000000,0.000000,1.000000;;
           }

           Frame Bip01_R_Finger1Nub {
            

            FrameTransformMatrix {
             -1.000000,0.000000,0.000000,0.000000,0.000000,1.000000,-0.000000,0.000000,-0.000000,0.000000,-1.000000,0.000000,0.047988,-0.000000,-0.000000,1.000000;;
            }
           }
          }
         }
        }
       }
      }
     }

     Frame Bip01_BackPack {
      

      FrameTransformMatrix {
       0.081023,-0.088037,-0.992817,0.000000,-0.064786,0.993520,-0.093387,0.000000,0.994605,0.071887,0.074794,0.000000,0.041174,-0.003810,-0.088357,1.000000;;
      }

      Frame Bip01_BackPackNub {
       

       FrameTransformMatrix {
        0.000796,0.000003,1.000000,0.000000,-0.000000,-1.000000,0.000003,0.000000,1.000000,-0.000000,-0.000796,0.000000,0.053240,-0.000000,0.000000,1.000000;;
       }
      }
     }
    }

    Frame Bip01_L_Thigh {
     

     FrameTransformMatrix {
      -0.999211,0.036745,-0.015069,0.000000,-0.036967,-0.999208,0.014739,0.000000,-0.014515,0.015284,0.999778,0.000000,-0.045106,0.058036,-0.001548,1.000000;;
     }

     Frame Bip01_L_Calf {
      

      FrameTransformMatrix {
       0.945725,0.000000,-0.324969,0.000000,0.000000,1.000000,-0.000000,0.000000,0.324969,0.000000,0.945725,0.000000,0.237500,0.000000,0.000000,1.000000;;
      }

      Frame Bip01_L_Foot {
       

       FrameTransformMatrix {
        0.997940,-0.041335,-0.049061,0.000000,0.043488,0.998100,0.043657,0.000000,0.047164,-0.045701,0.997841,0.000000,0.206841,0.000000,0.000000,1.000000;;
       }

       Frame Bip01_L_Toe0 {
        

        FrameTransformMatrix {
         -0.064267,0.051492,0.996603,0.000000,-0.000877,0.998664,-0.051655,0.000000,-0.997932,-0.004193,-0.064136,0.000000,0.065373,0.000000,0.066450,1.000000;;
        }

        Frame Bip01_L_Toe0Nub {
         

         FrameTransformMatrix {
          -1.000000,0.000000,0.000000,0.000000,0.000000,1.000000,-0.000000,0.000000,0.000000,-0.000000,-1.000000,0.000000,0.006735,-0.000000,0.000000,1.000000;;
         }
        }
       }
      }
     }
    }

    Frame Bip01_R_Thigh {
     

     FrameTransformMatrix {
      -0.750128,0.067294,0.657860,0.000000,-0.080210,-0.996723,0.010496,0.000000,0.656410,-0.044894,0.753067,0.000000,-0.057961,-0.051613,0.001800,1.000000;;
     }

     Frame Bip01_R_Calf {
      

      FrameTransformMatrix {
       0.109785,-0.000000,-0.993955,0.000000,0.000000,1.000000,0.000000,0.000000,0.993955,-0.000000,0.109785,0.000000,0.237500,-0.000000,-0.000000,1.000000;;
      }

      Frame Bip01_R_Foot {
       

       FrameTransformMatrix {
        0.998001,0.004618,-0.063031,0.000000,-0.008652,0.997920,-0.063885,0.000000,0.062605,0.064303,0.995965,0.000000,0.206841,0.000000,0.000000,1.000000;;
       }

       Frame Bip01_R_Toe0 {
        

        FrameTransformMatrix {
         0.000000,-0.041638,0.999133,0.000000,0.000001,0.999133,0.041638,0.000000,-1.000000,0.000001,0.000000,0.000000,0.065373,-0.000000,0.066450,1.000000;;
        }

        Frame Bip01_R_Toe0Nub {
         

         FrameTransformMatrix {
          1.000000,0.000000,-0.000000,0.000000,0.000000,1.000000,0.000000,0.000000,0.000000,0.000000,1.000000,0.000000,0.006735,0.000000,0.000000,1.000000;;
         }
        }
       }
      }
     }
    }
   }

   Frame Bip01_DressFront {
    

    FrameTransformMatrix {
     -0.896936,0.020969,0.441663,0.000000,-0.022392,0.995439,-0.092734,0.000000,-0.441593,-0.093066,-0.892376,0.000000,-0.043937,0.001413,0.061072,1.000000;;
    }

    Frame Bip01_DressFront02 {
     

     FrameTransformMatrix {
      0.655332,0.000002,0.755341,0.000000,-0.000002,1.000000,-0.000001,0.000000,-0.755341,-0.000001,0.655332,0.000000,0.183424,0.000000,-0.000086,1.000000;;
     }

     Frame Bip01_DressFrontNub {
      

      FrameTransformMatrix {
       0.000796,0.000003,1.000000,0.000000,0.000000,-1.000000,0.000003,0.000000,1.000000,0.000000,-0.000796,0.000000,0.165302,0.000000,-0.000000,1.000000;;
      }
     }
    }
   }

   Frame Bip01_DressBack {
    

    FrameTransformMatrix {
     -0.935983,-0.168694,0.308996,0.000000,-0.299265,0.843524,-0.445992,0.000000,-0.185409,-0.509912,-0.840008,0.000000,-0.047706,0.000072,-0.078302,1.000000;;
    }

    Frame Bip01_DressBack02 {
     

     FrameTransformMatrix {
      0.729616,0.397825,0.556234,0.000000,-0.407117,0.906219,-0.114121,0.000000,-0.549469,-0.143187,0.823153,0.000000,0.176218,0.000016,-0.000090,1.000000;;
     }

     Frame Bip01_DressBackNub {
      

      FrameTransformMatrix {
       0.000796,0.000003,1.000000,0.000000,-0.000000,-1.000000,0.000003,0.000000,1.000000,-0.000000,-0.000796,0.000000,0.136508,0.000000,0.000000,1.000000;;
      }
     }
    }
   }
  }

  Frame Bip01_Prop1 {
   

   FrameTransformMatrix {
    -0.591790,-0.378468,0.711721,0.000000,-0.319344,0.920761,0.224096,0.000000,-0.740138,-0.094666,-0.665758,0.000000,0.133053,0.144847,-0.032338,1.000000;;
   }
  }

  Frame Bip01_Prop2 {
   

   FrameTransformMatrix {
    0.915732,0.136863,-0.377761,0.000000,-0.206238,0.966999,-0.149598,0.000000,0.344820,0.214900,0.913738,0.000000,0.239971,0.111899,0.039920,1.000000;;
   }
  }
 }
}

Frame Translation_Data {
 

 FrameTransformMatrix {
  -0.000000,0.000000,-1.000000,0.000000,-1.000000,-0.000000,0.000000,0.000000,-0.000000,1.000000,0.000000,0.000000,0.000000,-0.000000,0.000000,1.000000;;
 }
}

Frame Body {
 

 FrameTransformMatrix {
  1.000000,0.000000,0.000000,0.000000,0.000000,1.000000,0.000000,0.000000,0.000000,0.000000,1.000000,0.000000,0.000000,0.000000,0.000000,1.000000;;
 }

 Mesh Body {
  1451;
  0.092503;0.721131;-0.169936;,
  0.059934;0.752438;-0.158604;,
  0.054464;0.718850;-0.158719;,
  0.098375;0.698771;-0.165831;,
  0.097565;0.679857;-0.161608;,
  0.050636;0.682747;-0.159461;,
  0.060825;0.654074;-0.146970;,
  0.104633;0.658704;-0.129301;,
  0.077934;0.784700;-0.137785;,
  0.109857;0.761894;-0.141735;,
  0.128192;0.761907;-0.118665;,
  0.103271;0.775461;-0.108162;,
  0.096891;0.568215;-0.004144;,
  0.055169;0.567459;0.019962;,
  0.056653;0.576997;0.011091;,
  0.090669;0.575077;-0.010414;,
  0.086635;0.561587;-0.064812;,
  0.099817;0.543069;-0.039197;,
  0.059699;0.548471;-0.093794;,
  0.059666;0.498800;-0.069058;,
  0.087558;0.511590;-0.061939;,
  0.012465;0.695556;-0.151440;,
  0.008107;0.663758;-0.141573;,
  0.013464;0.560743;0.020212;,
  0.013892;0.573364;0.010882;,
  0.086439;0.666504;-0.017722;,
  0.037567;0.678158;-0.007801;,
  0.050998;0.717760;-0.022056;,
  0.102972;0.703590;-0.038592;,
  0.073467;0.458148;-0.058623;,
  0.072680;0.362594;-0.030614;,
  0.110101;0.366909;-0.001691;,
  0.107314;0.466343;-0.021841;,
  0.067422;0.269113;-0.004944;,
  0.095806;0.282720;0.037419;,
  0.023452;0.466834;-0.038612;,
  0.024340;0.467597;0.048633;,
  0.030284;0.392760;0.065346;,
  0.024752;0.371725;-0.007443;,
  0.042003;0.301361;0.071062;,
  0.039187;0.283322;0.033088;,
  0.101190;0.465790;0.039298;,
  0.109798;0.386281;0.060115;,
  0.082800;0.301614;0.070970;,
  0.079318;0.065417;0.203936;,
  0.034633;0.061762;0.200075;,
  0.037552;0.091510;0.238675;,
  0.072377;0.092726;0.239581;,
  0.065458;0.228737;0.046511;,
  0.060343;0.167268;0.087576;,
  0.089463;0.179337;0.113787;,
  0.096796;0.241201;0.072542;,
  0.057385;0.100730;0.133664;,
  0.076696;0.115479;0.158363;,
  0.023188;0.227748;0.075090;,
  0.025520;0.268764;0.112760;,
  0.028583;0.209104;0.140510;,
  0.030732;0.179766;0.109384;,
  0.043963;0.137649;0.171093;,
  0.040211;0.107448;0.158748;,
  0.097752;0.271862;0.111316;,
  0.090478;0.204686;0.142806;,
  0.068191;0.141139;0.168858;,
  0.107323;0.516941;-0.026632;,
  0.019500;0.485846;-0.079164;,
  0.020955;0.456191;-0.056698;,
  0.023452;0.466834;-0.038612;,
  0.107697;0.525988;0.027234;,
  0.057109;0.527893;0.050020;,
  0.102602;0.478630;0.038703;,
  0.057183;0.486391;0.057569;,
  0.071907;0.621075;-0.004873;,
  0.113116;0.653755;-0.037128;,
  0.121218;0.650945;-0.055602;,
  0.104948;0.638729;-0.103954;,
  0.088072;0.601065;-0.078070;,
  0.100523;0.611169;-0.030758;,
  0.065030;0.632074;-0.130833;,
  0.062471;0.592257;-0.102827;,
  0.016924;0.643450;-0.131849;,
  0.014004;0.592143;-0.102870;,
  0.149765;0.686636;-0.175482;,
  0.098779;0.691986;-0.159129;,
  0.167930;0.641870;-0.160283;,
  0.111150;0.634033;-0.142831;,
  0.132586;0.600761;-0.114608;,
  0.178459;0.604546;-0.129830;,
  0.114138;0.701540;-0.100951;,
  0.126637;0.655631;-0.082339;,
  0.111150;0.634033;-0.142831;,
  0.142088;0.588747;-0.078736;,
  0.132586;0.600761;-0.114608;,
  0.123695;0.705861;-0.096661;,
  0.164758;0.707388;-0.114711;,
  0.183481;0.663786;-0.099833;,
  0.187815;0.592235;-0.093970;,
  0.163507;0.697765;-0.151327;,
  0.176222;0.620490;-0.144785;,
  0.121139;0.618158;-0.128636;,
  0.110940;0.602545;-0.186379;,
  0.146696;0.604911;-0.194332;,
  0.101552;0.588459;-0.222491;,
  0.123954;0.588214;-0.235734;,
  0.121139;0.618158;-0.128636;,
  0.129184;0.559430;-0.107773;,
  0.125644;0.549162;-0.171955;,
  0.110940;0.602545;-0.186379;,
  0.111422;0.550644;-0.217364;,
  0.101552;0.588459;-0.222491;,
  0.183932;0.561940;-0.123866;,
  0.153105;0.551393;-0.177873;,
  0.127770;0.551790;-0.226649;,
  0.030331;0.585275;-0.314930;,
  0.039061;0.588776;-0.295046;,
  0.056126;0.545265;-0.283458;,
  0.047444;0.542344;-0.303136;,
  0.053000;0.597217;-0.278404;,
  0.052139;0.588688;-0.285637;,
  0.056918;0.593558;-0.294269;,
  0.054200;0.605778;-0.286238;,
  0.082196;0.547306;-0.242164;,
  0.074736;0.542575;-0.278466;,
  0.083053;0.594679;-0.279583;,
  0.079966;0.596894;-0.245022;,
  0.115914;0.546119;-0.259285;,
  0.087020;0.541784;-0.294168;,
  0.114893;0.598022;-0.261950;,
  0.095655;0.591886;-0.294745;,
  0.137731;0.758008;-0.146567;,
  0.133886;0.745267;-0.173320;,
  0.109857;0.761894;-0.141735;,
  0.099662;0.748952;-0.161233;,
  0.132424;0.691123;-0.062621;,
  0.075894;0.765302;-0.158526;,
  0.123054;0.721622;-0.181182;,
  0.092503;0.721131;-0.169936;,
  0.098375;0.698771;-0.165831;,
  0.123398;0.701291;-0.170494;,
  0.141289;0.722839;-0.099786;,
  0.112877;0.734138;-0.070258;,
  0.142644;0.724221;-0.105542;,
  0.060793;0.748641;-0.048922;,
  0.057771;0.783570;-0.097683;,
  0.128192;0.761907;-0.118665;,
  0.142644;0.724221;-0.105542;,
  0.109593;0.687474;-0.134293;,
  0.138799;0.713639;-0.109217;,
  0.098779;0.691986;-0.159129;,
  0.124362;0.675750;-0.088902;,
  0.107115;0.661649;-0.115295;,
  0.097565;0.679857;-0.161608;,
  0.134463;0.682872;-0.077791;,
  0.079966;0.596894;-0.245022;,
  0.074032;0.806474;-0.137627;,
  0.078352;0.797094;-0.157975;,
  0.053391;0.797128;-0.127224;,
  0.051122;0.815193;-0.126671;,
  0.095655;0.591886;-0.294745;,
  0.030331;0.585275;-0.314930;,
  0.047444;0.542344;-0.303136;,
  0.065927;0.600100;-0.263476;,
  0.072472;0.613535;-0.284633;,
  0.065927;0.600100;-0.263476;,
  0.068463;0.588124;-0.276398;,
  0.083652;0.596601;-0.293810;,
  0.083652;0.596601;-0.293810;,
  0.053000;0.597217;-0.278404;,
  0.054200;0.605778;-0.286238;,
  0.056918;0.593558;-0.294269;,
  0.089091;0.035912;0.130139;,
  0.059453;0.009352;0.101341;,
  0.061361;-0.009710;0.107023;,
  0.095270;0.014610;0.137819;,
  0.033924;0.111303;0.209720;,
  0.037552;0.091510;0.238675;,
  0.034633;0.061762;0.200075;,
  0.033080;0.079906;0.182768;,
  0.043963;0.137649;0.171093;,
  0.068191;0.141139;0.168858;,
  0.075399;0.115035;0.208767;,
  0.079318;0.065417;0.203936;,
  0.072377;0.092726;0.239581;,
  0.080157;0.091601;0.180647;,
  0.057385;0.100730;0.133664;,
  0.076696;0.115479;0.158363;,
  0.025949;-0.004722;0.114175;,
  0.031516;0.012230;0.110590;,
  0.095270;0.014610;0.137819;,
  0.025949;-0.004722;0.114175;,
  0.024752;0.371725;-0.007443;,
  0.039187;0.283322;0.033088;,
  0.023188;0.227748;0.075090;,
  0.030732;0.179766;0.109384;,
  0.040211;0.107448;0.158748;,
  0.040211;0.107448;0.158748;,
  0.020111;0.457144;-0.004715;,
  0.087714;0.803331;-0.171439;,
  0.079123;0.796461;-0.189865;,
  0.070193;0.790238;-0.187115;,
  0.066990;0.790282;-0.171754;,
  0.080015;0.826158;-0.151496;,
  0.072099;0.839383;-0.132922;,
  0.061285;0.937492;-0.206485;,
  0.041604;0.942025;-0.207214;,
  0.041604;0.925165;-0.231849;,
  0.075521;0.863767;-0.241276;,
  0.071853;0.893083;-0.238126;,
  0.058562;0.861559;-0.247622;,
  0.093040;0.831213;-0.172535;,
  0.085002;0.815832;-0.196699;,
  0.086146;0.816001;-0.164664;,
  0.094164;0.868668;-0.161595;,
  0.094640;0.874603;-0.185398;,
  0.093924;0.909743;-0.197620;,
  0.085258;0.902748;-0.223235;,
  0.090407;0.865610;-0.210769;,
  0.080720;0.886900;-0.127779;,
  0.091557;0.875254;-0.146357;,
  0.041604;0.889801;-0.116952;,
  0.041604;0.934290;-0.138174;,
  0.074460;0.930582;-0.147904;,
  0.090881;0.843473;-0.205747;,
  0.076446;0.834331;-0.227779;,
  0.075645;0.803920;-0.208615;,
  0.061106;0.777657;-0.215813;,
  0.041604;0.772578;-0.224437;,
  0.041604;0.774293;-0.203365;,
  0.067362;0.913691;-0.232884;,
  0.080965;0.927434;-0.204276;,
  0.089605;0.924620;-0.166017;,
  0.076071;0.940159;-0.177731;,
  0.041604;0.949324;-0.170531;,
  0.058838;0.946707;-0.172427;,
  0.041604;0.849902;-0.121674;,
  0.089605;0.924620;-0.166017;,
  0.076071;0.940159;-0.177731;,
  0.097708;0.861789;-0.173818;,
  0.097510;0.833759;-0.173634;,
  0.104202;0.863748;-0.160694;,
  0.101068;0.881008;-0.172097;,
  0.104202;0.863748;-0.160694;,
  0.097510;0.833759;-0.173634;,
  0.101068;0.881008;-0.172097;,
  0.094640;0.874603;-0.185398;,
  0.095146;0.849551;-0.187748;,
  0.093040;0.831213;-0.172535;,
  0.076158;0.856238;-0.231699;,
  0.095146;0.849551;-0.187748;,
  0.075894;0.765302;-0.158526;,
  0.078352;0.797094;-0.157975;,
  0.099662;0.748952;-0.161233;,
  0.080015;0.826158;-0.151496;,
  0.025583;0.744038;-0.161340;,
  0.020074;0.721379;-0.154639;,
  0.016498;0.543828;-0.097433;,
  0.015315;0.522755;0.049845;,
  0.017267;0.489024;0.055766;,
  0.017676;0.470422;0.055065;,
  0.035089;0.776119;-0.184516;,
  0.020111;0.457144;-0.004715;,
  0.058838;0.946707;-0.172427;,
  0.041604;0.949324;-0.170531;,
  0.061723;0.807839;-0.226415;,
  0.054186;0.829061;-0.237121;,
  0.054378;0.819509;-0.235728;,
  0.041604;0.913753;-0.242324;,
  0.041604;0.890026;-0.251515;,
  0.056479;0.854327;-0.236999;,
  0.025784;0.626458;0.000212;,
  0.099662;0.748952;-0.161233;,
  0.061361;-0.009710;0.107023;,
  0.061128;0.801392;-0.225073;,
  0.053461;0.798214;-0.231588;,
  0.053276;0.803556;-0.228839;,
  0.041604;0.824557;-0.251163;,
  0.041604;0.817706;-0.240496;,
  0.053024;0.806629;-0.234240;,
  0.041604;0.803766;-0.229398;,
  0.041604;0.796132;-0.234015;,
  0.041604;0.859351;-0.253968;,
  0.041604;0.850736;-0.248564;,
  0.138799;0.713639;-0.109217;,
  0.041604;0.806088;-0.237936;,
  0.111197;0.698133;-0.120783;,
  0.109593;0.687474;-0.134293;,
  0.097565;0.679857;-0.161608;,
  0.091557;0.875254;-0.146357;,
  0.065458;0.228737;0.046511;,
  0.040627;0.232174;-0.020016;,
  0.047991;0.171529;0.027898;,
  0.060343;0.167268;0.087576;,
  0.067422;0.269113;-0.004944;,
  0.042999;0.271971;-0.050279;,
  0.072680;0.362594;-0.030614;,
  0.030336;0.362543;-0.057805;,
  0.073467;0.458148;-0.058623;,
  0.026583;0.447850;-0.069415;,
  0.059666;0.498800;-0.069058;,
  0.046348;0.111303;0.068188;,
  0.057385;0.100730;0.133664;,
  0.031163;0.216117;0.166262;,
  0.030525;0.157374;0.204429;,
  -0.003789;0.176937;0.170929;,
  -0.001470;0.229807;0.120842;,
  0.005303;0.274432;0.065423;,
  0.029751;0.274339;0.125613;,
  0.006251;0.315477;0.023657;,
  0.034432;0.312657;0.098939;,
  0.028981;0.397622;0.079435;,
  0.009190;0.387830;0.049358;,
  0.016711;0.462397;0.062070;,
  0.111197;0.698133;-0.120783;,
  -0.035910;0.761394;-0.135114;,
  -0.050214;0.745821;-0.124820;,
  -0.006298;0.739008;-0.140514;,
  0.008686;0.769440;-0.143248;,
  -0.057321;0.731267;-0.114888;,
  -0.064270;0.703929;-0.091263;,
  -0.039806;0.681018;-0.124308;,
  -0.024080;0.707534;-0.137074;,
  0.024920;0.802288;-0.121901;,
  0.017709;0.803847;-0.082526;,
  -0.013838;0.808750;-0.077739;,
  -0.016074;0.800926;-0.109229;,
  -0.069484;0.558146;-0.006661;,
  -0.062172;0.569517;-0.012757;,
  -0.029008;0.573881;0.009777;,
  -0.028720;0.562382;0.018693;,
  -0.055635;0.556412;-0.066993;,
  -0.068298;0.532894;-0.041740;,
  -0.027011;0.545317;-0.095123;,
  -0.051713;0.505499;-0.063107;,
  -0.022221;0.493844;-0.070297;,
  0.013892;0.573364;0.010882;,
  0.013464;0.560743;0.020212;,
  -0.013044;0.685398;-0.004320;,
  -0.003217;0.732022;-0.014677;,
  0.050998;0.717760;-0.022056;,
  0.037567;0.678158;-0.007801;,
  -0.036743;0.477762;-0.081323;,
  -0.071424;0.464148;-0.049029;,
  -0.075568;0.378703;-0.105762;,
  -0.037832;0.394521;-0.129873;,
  -0.061884;0.290321;-0.134250;,
  -0.032681;0.288296;-0.168500;,
  0.011690;0.476865;-0.065683;,
  0.009850;0.385361;-0.106210;,
  0.003540;0.352311;-0.038098;,
  0.011229;0.437042;0.019286;,
  -0.005190;0.291651;-0.136444;,
  -0.008721;0.297903;-0.104216;,
  -0.075922;0.351718;-0.046881;,
  -0.065864;0.434257;0.003480;,
  -0.049502;0.298091;-0.104934;,
  -0.049250;0.156070;0.103322;,
  -0.042554;0.195405;0.125058;,
  -0.007719;0.194310;0.124415;,
  -0.004534;0.151668;0.100858;,
  -0.032089;0.245274;-0.105490;,
  -0.064230;0.266526;-0.087315;,
  -0.058534;0.225427;-0.025182;,
  -0.028602;0.204450;-0.043747;,
  -0.047531;0.183814;0.041151;,
  -0.027620;0.160808;0.024563;,
  0.009195;0.255772;-0.077386;,
  0.000313;0.224663;-0.027500;,
  0.001537;0.263754;-0.010050;,
  0.005770;0.308120;-0.058552;,
  -0.010867;0.177014;0.044789;,
  -0.015128;0.209510;0.044807;,
  -0.060418;0.259996;-0.008239;,
  -0.066360;0.309759;-0.063424;,
  -0.039335;0.211604;0.040926;,
  -0.072974;0.506029;-0.029360;,
  0.011690;0.476865;-0.065683;,
  -0.026780;0.522816;0.048751;,
  -0.076060;0.514867;0.024454;,
  -0.022394;0.464231;0.044323;,
  -0.066991;0.454505;0.019203;,
  -0.020698;0.631862;0.001035;,
  -0.046894;0.684145;-0.015572;,
  -0.060741;0.685504;-0.031089;,
  -0.054476;0.629224;-0.020870;,
  -0.052069;0.617389;-0.069130;,
  -0.064640;0.670938;-0.081108;,
  -0.032931;0.603370;-0.096741;,
  -0.038929;0.651818;-0.116828;,
  -0.082313;0.740539;-0.109631;,
  -0.099935;0.706622;-0.076404;,
  -0.028599;0.742312;-0.106936;,
  -0.105934;0.684018;-0.032011;,
  -0.058239;0.677946;-0.025919;,
  -0.041496;0.695481;-0.069282;,
  -0.028165;0.772334;-0.053923;,
  -0.041496;0.695481;-0.069282;,
  -0.039573;0.737501;-0.018330;,
  -0.058239;0.677946;-0.025919;,
  -0.059344;0.677489;0.010530;,
  -0.035950;0.779317;-0.049558;,
  -0.098057;0.748937;-0.025588;,
  -0.079917;0.781779;-0.058230;,
  -0.106927;0.683239;0.004480;,
  -0.088622;0.760907;-0.088619;,
  -0.105717;0.697749;-0.051200;,
  -0.089329;0.668960;-0.100919;,
  -0.052943;0.664166;-0.100200;,
  -0.048692;0.692444;-0.046680;,
  -0.077837;0.641499;-0.141119;,
  -0.054079;0.641479;-0.130764;,
  -0.048692;0.692444;-0.046680;,
  -0.052943;0.664166;-0.100200;,
  -0.067557;0.616983;-0.071318;,
  -0.055718;0.640809;-0.011799;,
  -0.054079;0.641479;-0.130764;,
  -0.064403;0.606398;-0.119436;,
  -0.095429;0.621105;-0.071783;,
  -0.112385;0.646266;-0.016407;,
  -0.081833;0.608347;-0.124073;,
  0.015159;0.643897;-0.224789;,
  0.000210;0.599993;-0.213654;,
  -0.004480;0.601142;-0.192492;,
  0.010468;0.645606;-0.203366;,
  -0.006051;0.657849;-0.183722;,
  -0.009473;0.666731;-0.190467;,
  -0.011545;0.654921;-0.199269;,
  -0.005013;0.650148;-0.191811;,
  -0.036552;0.600978;-0.146814;,
  -0.033675;0.650613;-0.146403;,
  -0.035739;0.650660;-0.181111;,
  -0.028050;0.598486;-0.183111;,
  -0.039861;0.598866;-0.199187;,
  -0.069747;0.601339;-0.164964;,
  -0.068058;0.653287;-0.164246;,
  -0.047906;0.649012;-0.196787;,
  -0.040158;0.811814;-0.101425;,
  -0.055311;0.802355;-0.125415;,
  -0.022519;0.786974;-0.128548;,
  -0.016074;0.800926;-0.109229;,
  -0.042353;0.737920;-0.023260;,
  0.005195;0.788757;-0.137343;,
  -0.062722;0.776627;-0.134301;,
  -0.064408;0.756114;-0.120009;,
  -0.050214;0.745821;-0.124820;,
  -0.035910;0.761394;-0.135114;,
  -0.034161;0.783546;-0.047690;,
  -0.037417;0.786424;-0.052302;,
  0.007382;0.769136;-0.038649;,
  0.060793;0.748641;-0.048922;,
  0.057771;0.783570;-0.097683;,
  -0.013838;0.808750;-0.077739;,
  -0.037417;0.786424;-0.052302;,
  -0.048424;0.739621;-0.087986;,
  -0.028599;0.742312;-0.106936;,
  -0.042578;0.775426;-0.056027;,
  -0.058744;0.706058;-0.077943;,
  -0.054399;0.723614;-0.048644;,
  -0.057321;0.731267;-0.114888;,
  -0.054270;0.733406;-0.035287;,
  -0.033675;0.650613;-0.146403;,
  0.011317;0.808822;-0.147383;,
  0.024440;0.815150;-0.129790;,
  0.051122;0.815193;-0.126671;,
  0.053391;0.797128;-0.127224;,
  -0.047906;0.649012;-0.196787;,
  0.015159;0.643897;-0.224789;,
  0.000210;0.599993;-0.213654;,
  -0.028251;0.671516;-0.185874;,
  -0.017103;0.657567;-0.167108;,
  -0.017103;0.657567;-0.167108;,
  -0.019695;0.646415;-0.180737;,
  -0.038131;0.653886;-0.195230;,
  -0.038131;0.653886;-0.195230;,
  -0.009473;0.666731;-0.190467;,
  -0.006051;0.657849;-0.183722;,
  -0.011545;0.654921;-0.199269;,
  -0.058879;0.099472;0.047500;,
  -0.064744;0.082936;0.063090;,
  -0.030618;0.048723;0.044261;,
  -0.028986;0.063957;0.031432;,
  -0.004457;0.200949;0.089940;,
  -0.003284;0.161419;0.077739;,
  -0.004534;0.151668;0.100858;,
  -0.007719;0.194310;0.124415;,
  -0.015128;0.209510;0.044807;,
  -0.045981;0.203537;0.087931;,
  -0.039335;0.211604;0.040926;,
  -0.049250;0.156070;0.103322;,
  -0.050520;0.170780;0.071531;,
  -0.042554;0.195405;0.125058;,
  -0.027620;0.160808;0.024563;,
  -0.047531;0.183814;0.041151;,
  -0.001058;0.070591;0.038527;,
  0.004749;0.056538;0.048529;,
  0.004749;0.056538;0.048529;,
  -0.064744;0.082936;0.063090;,
  0.009850;0.385361;-0.106210;,
  -0.005190;0.291651;-0.136444;,
  0.009195;0.255772;-0.077386;,
  0.000313;0.224663;-0.027500;,
  -0.010867;0.177014;0.044789;,
  -0.010867;0.177014;0.044789;,
  -0.004506;0.803331;-0.171439;,
  0.015063;0.799367;-0.163549;,
  0.013015;0.790238;-0.187115;,
  0.004085;0.796461;-0.189865;,
  0.003193;0.826158;-0.151496;,
  0.011109;0.839383;-0.132922;,
  0.021923;0.937492;-0.206485;,
  0.041604;0.942025;-0.207214;,
  0.007687;0.863767;-0.241276;,
  0.024646;0.861559;-0.247622;,
  0.011355;0.893083;-0.238126;,
  -0.001794;0.815832;-0.196699;,
  -0.009832;0.831213;-0.172535;,
  -0.002938;0.816001;-0.164664;,
  -0.010956;0.868668;-0.161594;,
  -0.011432;0.874603;-0.185398;,
  -0.007199;0.865610;-0.210769;,
  -0.002050;0.902748;-0.223234;,
  -0.010716;0.909743;-0.197620;,
  -0.008349;0.875254;-0.146357;,
  0.002488;0.886900;-0.127779;,
  0.041604;0.889801;-0.116952;,
  0.008748;0.930582;-0.147903;,
  0.041604;0.934290;-0.138174;,
  -0.007673;0.843473;-0.205747;,
  0.007563;0.803920;-0.208615;,
  0.006762;0.834331;-0.227779;,
  0.022102;0.777657;-0.215813;,
  0.015846;0.913691;-0.232884;,
  0.002243;0.927434;-0.204276;,
  0.007137;0.940159;-0.177731;,
  -0.006397;0.924620;-0.166017;,
  0.024370;0.946707;-0.172427;,
  0.041604;0.949324;-0.170531;,
  0.041604;0.849902;-0.121674;,
  -0.006397;0.924620;-0.166017;,
  0.007137;0.940159;-0.177731;,
  -0.020824;0.863748;-0.160693;,
  -0.014205;0.833759;-0.173634;,
  -0.014500;0.861789;-0.173818;,
  -0.017677;0.881008;-0.172097;,
  -0.014205;0.833759;-0.173634;,
  -0.020824;0.863748;-0.160693;,
  -0.017677;0.881008;-0.172097;,
  -0.011432;0.874603;-0.185398;,
  -0.011938;0.849551;-0.187748;,
  -0.009832;0.831213;-0.172535;,
  0.007050;0.856238;-0.231699;,
  -0.011938;0.849551;-0.187748;,
  0.011317;0.808822;-0.147383;,
  0.005195;0.788757;-0.137343;,
  -0.022519;0.786974;-0.128548;,
  0.003193;0.826158;-0.151496;,
  0.015315;0.522755;0.049845;,
  0.017267;0.489024;0.055766;,
  0.017676;0.470422;0.055065;,
  0.020111;0.457144;-0.004715;,
  0.024370;0.946707;-0.172427;,
  0.041604;0.949324;-0.170531;,
  0.021485;0.807839;-0.226415;,
  0.028830;0.819509;-0.235728;,
  0.029022;0.829061;-0.237121;,
  0.026729;0.854327;-0.236999;,
  0.025784;0.626458;0.000212;,
  -0.022519;0.786974;-0.128548;,
  -0.030618;0.048723;0.044261;,
  0.029747;0.798214;-0.231588;,
  0.022080;0.801392;-0.225073;,
  0.029932;0.803556;-0.228839;,
  0.030184;0.806629;-0.234240;,
  -0.042578;0.775426;-0.056027;,
  -0.037142;0.748416;-0.076819;,
  -0.048424;0.739621;-0.087986;,
  -0.057321;0.731267;-0.114888;,
  -0.008349;0.875254;-0.146357;,
  0.010328;0.233080;-0.097597;,
  0.002624;0.182151;-0.040999;,
  0.024607;0.175151;-0.012353;,
  0.026198;0.235486;-0.060312;,
  0.005899;0.290043;-0.146231;,
  0.030673;0.284972;-0.104005;,
  0.011733;0.382419;-0.112350;,
  0.025587;0.365829;-0.087880;,
  0.011164;0.467110;-0.086182;,
  0.020750;0.448946;-0.077503;,
  0.019500;0.485846;-0.079164;,
  -0.022221;0.493844;-0.070297;,
  0.001605;0.131210;0.009491;,
  0.023581;0.121336;0.025504;,
  0.002055;0.226178;0.080705;,
  -0.039321;0.211606;0.040926;,
  -0.060418;0.259996;-0.008239;,
  -0.002110;0.270071;0.019956;,
  -0.066360;0.309759;-0.063424;,
  -0.002504;0.317310;-0.046396;,
  -0.001895;0.303949;-0.078480;,
  -0.049502;0.298091;-0.104934;,
  -0.075922;0.351718;-0.046881;,
  0.004905;0.344660;-0.022416;,
  0.017267;0.489024;0.055766;,
  -0.022394;0.464231;0.044323;,
  -0.037142;0.748416;-0.076819;,
  -0.036743;0.477762;-0.081323;,
  -0.037832;0.394521;-0.129873;,
  -0.032681;0.288296;-0.168500;,
  -0.032089;0.245274;-0.105490;,
  -0.028602;0.204450;-0.043747;,
  -0.027620;0.160808;0.024563;,
  0.101190;0.465790;0.039298;,
  0.109798;0.386281;0.060115;,
  0.057183;0.486391;0.057569;,
  0.082800;0.301614;0.070970;,
  0.097752;0.271862;0.111316;,
  0.090478;0.204686;0.142806;,
  0.068191;0.141139;0.168858;,
  -0.065864;0.434257;0.003480;,
  0.092503;0.721131;-0.169936;,
  0.092503;0.721131;-0.169936;,
  0.059934;0.752438;-0.158604;,
  0.059934;0.752438;-0.158604;,
  0.059934;0.752438;-0.158604;,
  0.059934;0.752438;-0.158604;,
  0.059934;0.752438;-0.158604;,
  0.059934;0.752438;-0.158604;,
  0.098375;0.698771;-0.165831;,
  0.098375;0.698771;-0.165831;,
  0.097565;0.679857;-0.161608;,
  0.097565;0.679857;-0.161608;,
  0.097565;0.679857;-0.161608;,
  0.060825;0.654074;-0.146970;,
  0.060825;0.654074;-0.146970;,
  0.060825;0.654074;-0.146970;,
  0.060825;0.654074;-0.146970;,
  0.060825;0.654074;-0.146970;,
  0.104633;0.658704;-0.129301;,
  0.104633;0.658704;-0.129301;,
  0.104633;0.658704;-0.129301;,
  0.104633;0.658704;-0.129301;,
  0.104633;0.658704;-0.129301;,
  0.077934;0.784700;-0.137785;,
  0.077934;0.784700;-0.137785;,
  0.077934;0.784700;-0.137785;,
  0.077934;0.784700;-0.137785;,
  0.077934;0.784700;-0.137785;,
  0.077934;0.784700;-0.137785;,
  0.109857;0.761894;-0.141735;,
  0.109857;0.761894;-0.141735;,
  0.128192;0.761907;-0.118665;,
  0.128192;0.761907;-0.118665;,
  0.128192;0.761907;-0.118665;,
  0.056653;0.576997;0.011091;,
  0.056653;0.576997;0.011091;,
  0.056653;0.576997;0.011091;,
  0.056653;0.576997;0.011091;,
  0.056653;0.576997;0.011091;,
  0.090669;0.575077;-0.010414;,
  0.090669;0.575077;-0.010414;,
  0.090669;0.575077;-0.010414;,
  0.090669;0.575077;-0.010414;,
  0.090669;0.575077;-0.010414;,
  0.086635;0.561587;-0.064812;,
  0.086635;0.561587;-0.064812;,
  0.086635;0.561587;-0.064812;,
  0.086635;0.561587;-0.064812;,
  0.086635;0.561587;-0.064812;,
  0.086635;0.561587;-0.064812;,
  0.059699;0.548471;-0.093794;,
  0.059699;0.548471;-0.093794;,
  0.059699;0.548471;-0.093794;,
  0.059699;0.548471;-0.093794;,
  0.059699;0.548471;-0.093794;,
  0.087558;0.511590;-0.061939;,
  0.087558;0.511590;-0.061939;,
  0.087558;0.511590;-0.061939;,
  0.087558;0.511590;-0.061939;,
  0.087558;0.511590;-0.061939;,
  0.087558;0.511590;-0.061939;,
  0.008107;0.663758;-0.141573;,
  0.008107;0.663758;-0.141573;,
  0.008107;0.663758;-0.141573;,
  0.008107;0.663758;-0.141573;,
  0.008107;0.663758;-0.141573;,
  0.013892;0.573364;0.010882;,
  0.013892;0.573364;0.010882;,
  0.086439;0.666504;-0.017722;,
  0.086439;0.666504;-0.017722;,
  0.086439;0.666504;-0.017722;,
  0.086439;0.666504;-0.017722;,
  0.037567;0.678158;-0.007801;,
  0.037567;0.678158;-0.007801;,
  0.050998;0.717760;-0.022056;,
  0.050998;0.717760;-0.022056;,
  0.102972;0.703590;-0.038592;,
  0.102972;0.703590;-0.038592;,
  0.102972;0.703590;-0.038592;,
  0.102972;0.703590;-0.038592;,
  0.102972;0.703590;-0.038592;,
  0.107314;0.466343;-0.021841;,
  0.107314;0.466343;-0.021841;,
  0.107314;0.466343;-0.021841;,
  0.107314;0.466343;-0.021841;,
  0.107314;0.466343;-0.021841;,
  0.107314;0.466343;-0.021841;,
  0.067422;0.269113;-0.004944;,
  0.067422;0.269113;-0.004944;,
  0.067422;0.269113;-0.004944;,
  0.067422;0.269113;-0.004944;,
  0.067422;0.269113;-0.004944;,
  0.095806;0.282720;0.037419;,
  0.095806;0.282720;0.037419;,
  0.095806;0.282720;0.037419;,
  0.095806;0.282720;0.037419;,
  0.095806;0.282720;0.037419;,
  0.024340;0.467597;0.048633;,
  0.024340;0.467597;0.048633;,
  0.024340;0.467597;0.048633;,
  0.024340;0.467597;0.048633;,
  0.024340;0.467597;0.048633;,
  0.024340;0.467597;0.048633;,
  0.024340;0.467597;0.048633;,
  0.042003;0.301361;0.071062;,
  0.042003;0.301361;0.071062;,
  0.042003;0.301361;0.071062;,
  0.042003;0.301361;0.071062;,
  0.042003;0.301361;0.071062;,
  0.039187;0.283322;0.033088;,
  0.101190;0.465790;0.039298;,
  0.101190;0.465790;0.039298;,
  0.101190;0.465790;0.039298;,
  0.101190;0.465790;0.039298;,
  0.101190;0.465790;0.039298;,
  0.082800;0.301614;0.070970;,
  0.082800;0.301614;0.070970;,
  0.082800;0.301614;0.070970;,
  0.082800;0.301614;0.070970;,
  0.082800;0.301614;0.070970;,
  0.082800;0.301614;0.070970;,
  0.057385;0.100730;0.133664;,
  0.057385;0.100730;0.133664;,
  0.076696;0.115479;0.158363;,
  0.076696;0.115479;0.158363;,
  0.076696;0.115479;0.158363;,
  0.043963;0.137649;0.171093;,
  0.043963;0.137649;0.171093;,
  0.068191;0.141139;0.168858;,
  0.068191;0.141139;0.168858;,
  0.102602;0.478630;0.038703;,
  0.102602;0.478630;0.038703;,
  0.102602;0.478630;0.038703;,
  0.102602;0.478630;0.038703;,
  0.057183;0.486391;0.057569;,
  0.057183;0.486391;0.057569;,
  0.057183;0.486391;0.057569;,
  0.057183;0.486391;0.057569;,
  0.071907;0.621075;-0.004873;,
  0.071907;0.621075;-0.004873;,
  0.071907;0.621075;-0.004873;,
  0.071907;0.621075;-0.004873;,
  0.071907;0.621075;-0.004873;,
  0.071907;0.621075;-0.004873;,
  0.113116;0.653755;-0.037128;,
  0.113116;0.653755;-0.037128;,
  0.113116;0.653755;-0.037128;,
  0.113116;0.653755;-0.037128;,
  0.113116;0.653755;-0.037128;,
  0.121218;0.650945;-0.055602;,
  0.121218;0.650945;-0.055602;,
  0.121218;0.650945;-0.055602;,
  0.121218;0.650945;-0.055602;,
  0.121218;0.650945;-0.055602;,
  0.121218;0.650945;-0.055602;,
  0.104948;0.638729;-0.103954;,
  0.104948;0.638729;-0.103954;,
  0.104948;0.638729;-0.103954;,
  0.104948;0.638729;-0.103954;,
  0.104948;0.638729;-0.103954;,
  0.088072;0.601065;-0.078070;,
  0.088072;0.601065;-0.078070;,
  0.088072;0.601065;-0.078070;,
  0.088072;0.601065;-0.078070;,
  0.088072;0.601065;-0.078070;,
  0.088072;0.601065;-0.078070;,
  0.100523;0.611169;-0.030758;,
  0.100523;0.611169;-0.030758;,
  0.100523;0.611169;-0.030758;,
  0.100523;0.611169;-0.030758;,
  0.065030;0.632074;-0.130833;,
  0.065030;0.632074;-0.130833;,
  0.065030;0.632074;-0.130833;,
  0.065030;0.632074;-0.130833;,
  0.065030;0.632074;-0.130833;,
  0.062471;0.592257;-0.102827;,
  0.062471;0.592257;-0.102827;,
  0.062471;0.592257;-0.102827;,
  0.062471;0.592257;-0.102827;,
  0.062471;0.592257;-0.102827;,
  0.016924;0.643450;-0.131849;,
  0.016924;0.643450;-0.131849;,
  0.016924;0.643450;-0.131849;,
  0.016924;0.643450;-0.131849;,
  0.016924;0.643450;-0.131849;,
  0.016924;0.643450;-0.131849;,
  0.016924;0.643450;-0.131849;,
  0.014004;0.592143;-0.102870;,
  0.014004;0.592143;-0.102870;,
  0.014004;0.592143;-0.102870;,
  0.014004;0.592143;-0.102870;,
  0.014004;0.592143;-0.102870;,
  0.132586;0.600761;-0.114608;,
  0.132586;0.600761;-0.114608;,
  0.178459;0.604546;-0.129830;,
  0.178459;0.604546;-0.129830;,
  0.178459;0.604546;-0.129830;,
  0.178459;0.604546;-0.129830;,
  0.178459;0.604546;-0.129830;,
  0.142088;0.588747;-0.078736;,
  0.142088;0.588747;-0.078736;,
  0.142088;0.588747;-0.078736;,
  0.142088;0.588747;-0.078736;,
  0.142088;0.588747;-0.078736;,
  0.132586;0.600761;-0.114608;,
  0.187815;0.592235;-0.093970;,
  0.187815;0.592235;-0.093970;,
  0.187815;0.592235;-0.093970;,
  0.187815;0.592235;-0.093970;,
  0.187815;0.592235;-0.093970;,
  0.187815;0.592235;-0.093970;,
  0.101552;0.588459;-0.222491;,
  0.101552;0.588459;-0.222491;,
  0.123954;0.588214;-0.235734;,
  0.123954;0.588214;-0.235734;,
  0.123954;0.588214;-0.235734;,
  0.123954;0.588214;-0.235734;,
  0.123954;0.588214;-0.235734;,
  0.123954;0.588214;-0.235734;,
  0.129184;0.559430;-0.107773;,
  0.129184;0.559430;-0.107773;,
  0.129184;0.559430;-0.107773;,
  0.129184;0.559430;-0.107773;,
  0.129184;0.559430;-0.107773;,
  0.111422;0.550644;-0.217364;,
  0.111422;0.550644;-0.217364;,
  0.111422;0.550644;-0.217364;,
  0.111422;0.550644;-0.217364;,
  0.101552;0.588459;-0.222491;,
  0.101552;0.588459;-0.222491;,
  0.183932;0.561940;-0.123866;,
  0.183932;0.561940;-0.123866;,
  0.183932;0.561940;-0.123866;,
  0.183932;0.561940;-0.123866;,
  0.127770;0.551790;-0.226649;,
  0.127770;0.551790;-0.226649;,
  0.127770;0.551790;-0.226649;,
  0.127770;0.551790;-0.226649;,
  0.127770;0.551790;-0.226649;,
  0.137731;0.758008;-0.146567;,
  0.137731;0.758008;-0.146567;,
  0.137731;0.758008;-0.146567;,
  0.137731;0.758008;-0.146567;,
  0.133886;0.745267;-0.173320;,
  0.133886;0.745267;-0.173320;,
  0.133886;0.745267;-0.173320;,
  0.133886;0.745267;-0.173320;,
  0.133886;0.745267;-0.173320;,
  0.109857;0.761894;-0.141735;,
  0.109857;0.761894;-0.141735;,
  0.099662;0.748952;-0.161233;,
  0.132424;0.691123;-0.062621;,
