xof 0303txt 0032
template XSkinMeshHeader {
 <3cf169ce-ff7c-44ab-93c0-f78f62d172e2>
 WORD nMaxSkinWeightsPerVertex;
 WORD nMaxSkinWeightsPerFace;
 WORD nBones;
}

template VertexDuplicationIndices {
 <b8d65549-d7c9-4995-89cf-53a9a8b031e3>
 DWORD nIndices;
 DWORD nOriginalVertices;
 array DWORD indices[nIndices];
}

template SkinWeights {
 <6f0d123b-bad2-4167-a0d0-80224f25fabb>
 STRING transformNodeName;
 DWORD nWeights;
 array DWORD vertexIndices[nWeights];
 array FLOAT weights[nWeights];
 Matrix4x4 matrixOffset;
}

template AnimTicksPerSecond {
 <9e415a43-7ba6-4a73-8743-b73d47e88476>
 DWORD AnimTicksPerSecond;
}

template VertexElement {
 <f752461c-1e23-48f6-b9f8-8350850f336f>
 DWORD Type;
 DWORD Method;
 DWORD Usage;
 DWORD UsageIndex;
}

template DeclData {
 <bf22e553-292c-4781-9fea-62bd554bdd93>
 DWORD nElements;
 array VertexElement Elements[nElements];
 DWORD nDWords;
 array DWORD data[nDWords];
}


AnimTicksPerSecond {
 4800;
}

Frame Dummy01 {
 

 FrameTransformMatrix {
  1.000000,0.000000,0.000000,0.000000,0.000000,-0.000000,-1.000000,0.000000,0.000000,1.000000,-0.000000,0.000000,0.000000,0.000000,0.000000,1.000000;;
 }

 Frame Bip01 {
  

  FrameTransformMatrix {
   -0.489722,0.856106,0.165091,0.000000,0.089573,-0.138947,0.986241,0.000000,0.867265,0.497771,-0.008638,0.000000,0.001703,-0.010862,0.491068,1.000000;;
  }

  Frame Bip01_Pelvis {
   

   FrameTransformMatrix {
    0.000000,0.996195,-0.087157,0.000000,-0.000001,0.087157,0.996195,0.000000,1.000000,0.000000,0.000001,0.000000,0.000000,0.000000,0.000000,1.000000;;
   }

   Frame Bip01_Spine {
    

    FrameTransformMatrix {
     0.989655,-0.077068,-0.121010,0.000000,0.086623,0.993354,0.075790,0.000000,0.114365,-0.085488,0.989754,0.000000,0.051427,0.004507,-0.000084,1.000000;;
    }

    Frame Bip01_Spine1 {
     

     FrameTransformMatrix {
      0.984497,0.073646,0.159189,0.000000,0.009871,0.882880,-0.469496,0.000000,-0.175121,0.463788,0.868466,0.000000,0.106495,-0.000039,-0.000074,1.000000;;
     }

     Frame Bip01_Neck {
      

      FrameTransformMatrix {
       0.903366,0.000001,0.428870,0.000000,-0.000001,1.000000,-0.000000,0.000000,-0.428870,-0.000000,0.903366,0.000000,0.130516,0.000000,0.004628,1.000000;;
      }

      Frame Bip01_Head {
       

       FrameTransformMatrix {
        0.968414,0.049229,-0.244442,0.000000,-0.066006,0.995958,-0.060919,0.000000,0.240455,0.075129,0.967748,0.000000,0.033674,0.000000,0.000000,1.000000;;
       }

       Frame Bip01_HeadNub {
        

        FrameTransformMatrix {
         1.000000,-0.000000,0.000000,0.000000,0.000000,1.000000,0.000000,0.000000,-0.000000,-0.000000,1.000000,0.000000,0.169824,0.000000,-0.000000,1.000000;;
        }
       }
      }

      Frame Bip01_L_Clavicle {
       

       FrameTransformMatrix {
        -0.156809,0.984808,0.074595,0.000000,0.889305,0.173647,-0.423064,0.000000,-0.429590,-0.000003,-0.903024,0.000000,-0.023698,0.015715,0.006128,1.000000;;
       }

       Frame Bip01_L_UpperArm {
        

        FrameTransformMatrix {
         0.571634,-0.782423,-0.247078,0.000000,0.799181,0.462721,0.383666,0.000000,-0.185861,-0.416776,0.889805,0.000000,0.087086,0.000000,0.000000,1.000000;;
        }

        Frame Bip01_L_Forearm {
         

         FrameTransformMatrix {
          -0.524408,0.000000,-0.851467,0.000000,-0.000000,1.000000,0.000000,0.000000,0.851467,-0.000000,-0.524408,0.000000,0.137062,0.000000,0.000000,1.000000;;
         }

         Frame Bip01_L_Hand {
          

          FrameTransformMatrix {
           0.976403,-0.059681,-0.207548,0.000000,0.143944,0.896296,0.419445,0.000000,0.160992,-0.439422,0.883736,0.000000,0.137062,0.000000,0.000000,1.000000;;
          }

          Frame Bip01_L_Finger0 {
           

           FrameTransformMatrix {
            0.301734,0.216531,0.928478,0.000000,0.558537,0.749101,-0.356210,0.000000,-0.772654,0.626070,0.105089,0.000000,0.057681,-0.023605,-0.000272,1.000000;;
           }

           Frame Bip01_L_Finger0Nub {
            

            FrameTransformMatrix {
             1.000000,-0.000000,-0.000000,0.000000,0.000000,1.000000,-0.000000,0.000000,0.000000,0.000000,1.000000,0.000000,0.029435,0.000000,0.000000,1.000000;;
            }
           }
          }

          Frame Bip01_L_Finger1 {
           

           FrameTransformMatrix {
            0.203225,-0.000780,0.979132,0.000000,-0.000000,1.000000,0.000796,0.000000,-0.979132,-0.000162,0.203225,0.000000,0.084102,0.000000,0.000000,1.000000;;
           }

           Frame Bip01_L_Finger1Nub {
            

            FrameTransformMatrix {
             1.000000,-0.000000,0.000000,0.000000,-0.000000,1.000000,0.000000,0.000000,0.000000,-0.000000,1.000000,0.000000,0.047988,-0.000000,0.000000,1.000000;;
            }
           }
          }
         }
        }
       }
      }

      Frame Bip01_R_Clavicle {
       

       FrameTransformMatrix {
        -0.000000,-1.000000,0.000003,0.000000,-0.903024,0.000001,0.429590,0.000000,-0.429590,-0.000003,-0.903024,0.000000,-0.023698,-0.015714,0.006128,1.000000;;
       }

       Frame Bip01_R_UpperArm {
        

        FrameTransformMatrix {
         0.436273,0.895226,-0.090758,0.000000,-0.893488,0.442935,0.074076,0.000000,0.106514,0.048774,0.993114,0.000000,0.087086,0.000000,-0.000000,1.000000;;
        }

        Frame Bip01_R_Forearm {
         

         FrameTransformMatrix {
          -0.451449,0.000000,-0.892297,0.000000,0.000000,1.000000,-0.000000,0.000000,0.892297,0.000000,-0.451449,0.000000,0.137062,0.000000,0.000000,1.000000;;
         }

         Frame Bip01_R_Hand {
          

          FrameTransformMatrix {
           0.643591,-0.218071,-0.733646,0.000000,0.062515,0.970326,-0.233580,0.000000,0.762813,0.104466,0.638125,0.000000,0.137062,0.000000,0.000000,1.000000;;
          }

          Frame Bip01_R_Finger0 {
           

           FrameTransformMatrix {
            0.301734,-0.216531,0.928478,0.000000,-0.558537,0.749101,0.356210,0.000000,-0.772654,-0.626070,0.105089,0.000000,0.057681,0.023605,-0.000272,1.000000;;
           }

           Frame Bip01_R_Finger0Nub {
            

            FrameTransformMatrix {
             -1.000000,0.000000,-0.000000,0.000000,0.000000,1.000000,0.000000,0.000000,0.000000,0.000000,-1.000000,0.000000,0.029435,0.000000,0.000000,1.000000;;
            }
           }
          }

          Frame Bip01_R_Finger1 {
           

           FrameTransformMatrix {
            0.203225,0.000780,0.979132,0.000000,0.000000,1.000000,-0.000796,0.000000,-0.979132,0.000162,0.203225,0.000000,0.084102,0.000000,-0.000000,1.000000;;
           }

           Frame Bip01_R_Finger1Nub {
            

            FrameTransformMatrix {
             -1.000000,-0.000000,0.000000,0.000000,-0.000000,1.000000,0.000000,0.000000,0.000000,-0.000000,-1.000000,0.000000,0.047988,0.000000,0.000000,1.000000;;
            }
           }
          }
         }
        }
       }
      }
     }

     Frame Bip01_BackPack {
      

      FrameTransformMatrix {
       0.190104,-0.000002,-0.981764,0.000000,0.000003,1.000000,-0.000002,0.000000,0.981764,-0.000002,0.190104,0.000000,0.063697,-0.000000,-0.088856,1.000000;;
      }

      Frame Bip01_BackPackNub {
       

       FrameTransformMatrix {
        0.000796,0.000003,1.000000,0.000000,-0.000000,-1.000000,0.000003,0.000000,1.000000,0.000000,-0.000796,0.000000,0.053240,0.000000,-0.000000,1.000000;;
       }
      }
     }
    }

    Frame Bip01_L_Thigh {
     

     FrameTransformMatrix {
      -0.993252,0.075700,-0.087861,0.000000,-0.102437,-0.927855,0.358597,0.000000,-0.054377,0.365177,0.929349,0.000000,-0.054814,0.045932,-0.010134,1.000000;;
     }

     Frame Bip01_L_Calf {
      

      FrameTransformMatrix {
       0.960895,0.000000,-0.276915,0.000000,0.000000,1.000000,0.000000,0.000000,0.276915,-0.000000,0.960894,0.000000,0.237500,0.000000,0.000000,1.000000;;
      }

      Frame Bip01_L_Foot {
       

       FrameTransformMatrix {
        0.994112,0.106220,0.021439,0.000000,-0.108131,0.959463,0.260267,0.000000,0.007076,-0.261053,0.965299,0.000000,0.206841,0.000000,-0.000000,1.000000;;
       }

       Frame Bip01_L_Toe0 {
        

        FrameTransformMatrix {
         -0.000001,-0.000001,1.000000,0.000000,0.000001,1.000000,0.000001,0.000000,-1.000000,0.000001,-0.000001,0.000000,0.065373,0.000000,0.066450,1.000000;;
        }

        Frame Bip01_L_Toe0Nub {
         

         FrameTransformMatrix {
          -1.000000,-0.000000,-0.000000,0.000000,-0.000000,1.000000,0.000000,0.000000,0.000000,-0.000000,-1.000000,0.000000,0.006735,0.000000,0.000000,1.000000;;
         }
        }
       }
      }
     }
    }

    Frame Bip01_R_Thigh {
     

     FrameTransformMatrix {
      -0.940074,-0.330667,-0.083185,0.000000,0.321374,-0.940789,0.107861,0.000000,-0.113926,0.074664,0.990680,0.000000,-0.046302,-0.063784,-0.000692,1.000000;;
     }

     Frame Bip01_R_Calf {
      

      FrameTransformMatrix {
       0.860705,-0.000000,-0.509105,0.000000,0.000000,1.000000,0.000000,0.000000,0.509105,-0.000000,0.860705,0.000000,0.237500,0.000000,0.000000,1.000000;;
      }

      Frame Bip01_R_Foot {
       

       FrameTransformMatrix {
        0.920341,-0.181368,0.346523,0.000000,0.218727,0.973157,-0.071581,0.000000,-0.324239,0.141673,0.935306,0.000000,0.206841,0.000000,-0.000000,1.000000;;
       }

       Frame Bip01_R_Toe0 {
        

        FrameTransformMatrix {
         -0.000000,-0.265546,0.964098,0.000000,0.000001,0.964098,0.265546,0.000000,-1.000000,0.000001,-0.000000,0.000000,0.065373,0.000000,0.066450,1.000000;;
        }

        Frame Bip01_R_Toe0Nub {
         

         FrameTransformMatrix {
          1.000000,-0.000000,0.000000,0.000000,-0.000000,1.000000,-0.000000,0.000000,0.000000,0.000000,1.000000,0.000000,0.006735,0.000000,0.000000,1.000000;;
         }
        }
       }
      }
     }
    }
   }

   Frame Bip01_DressFront {
    

    FrameTransformMatrix {
     -0.995138,-0.084051,-0.051337,0.000000,-0.083943,0.996462,-0.004264,0.000000,0.051514,0.000066,-0.998672,0.000000,-0.044009,0.001399,0.061087,1.000000;;
    }

    Frame Bip01_DressFront02 {
     

     FrameTransformMatrix {
      0.997128,0.000000,0.075731,0.000000,-0.000000,1.000000,-0.000000,0.000000,-0.075731,-0.000000,0.997128,0.000000,0.183334,0.000000,-0.000131,1.000000;;
     }

     Frame Bip01_DressFrontNub {
      

      FrameTransformMatrix {
       0.000796,0.000003,1.000000,0.000000,-0.000000,-1.000000,0.000003,0.000000,1.000000,-0.000000,-0.000796,0.000000,0.165302,-0.000000,-0.000000,1.000000;;
      }
     }
    }
   }

   Frame Bip01_DressBack {
    

    FrameTransformMatrix {
     -0.993273,-0.085671,0.077908,0.000000,-0.077908,0.992157,0.097752,0.000000,-0.085671,0.091025,-0.992157,0.000000,-0.047720,-0.000013,-0.078280,1.000000;;
    }

    Frame Bip01_DressBack02 {
     

     FrameTransformMatrix {
      0.931719,0.000001,0.363181,0.000000,-0.000001,1.000000,-0.000000,0.000000,-0.363181,-0.000000,0.931719,0.000000,0.176198,-0.000000,-0.000101,1.000000;;
     }

     Frame Bip01_DressBackNub {
      

      FrameTransformMatrix {
       0.000796,0.000003,1.000000,0.000000,0.000000,-1.000000,0.000003,0.000000,1.000000,-0.000000,-0.000796,0.000000,0.136508,-0.000000,0.000000,1.000000;;
      }
     }
    }
   }
  }

  Frame Bip01_Prop1 {
   

   FrameTransformMatrix {
    0.923878,0.041872,0.380390,0.000000,-0.382224,0.149910,0.911829,0.000000,-0.018844,-0.987813,0.154503,0.000000,0.199855,0.226626,-0.101309,1.000000;;
   }
  }

  Frame Bip01_Prop2 {
   

   FrameTransformMatrix {
    0.120183,-0.957887,0.260785,0.000000,0.439834,-0.184123,-0.879002,0.000000,0.890001,0.220343,0.399182,0.000000,0.072058,0.291206,0.235447,1.000000;;
   }
  }
 }
}

Frame Translation_Data {
 

 FrameTransformMatrix {
  -0.000000,0.000000,-1.000000,0.000000,-1.000000,-0.000000,0.000000,0.000000,-0.000000,1.000000,0.000000,0.000000,0.000000,-0.000000,0.000000,1.000000;;
 }
}

Frame Body {
 

 FrameTransformMatrix {
  1.000000,0.000000,0.000000,0.000000,0.000000,1.000000,0.000000,0.000000,0.000000,0.000000,1.000000,0.000000,0.000000,0.000000,0.000000,1.000000;;
 }

 Mesh Body {
  1409;
  0.070323;0.755808;0.034837;,
  0.030706;0.774168;0.056491;,
  0.034758;0.748795;0.034385;,
  0.079420;0.737244;0.026532;,
  0.087001;0.725393;0.021734;,
  0.041165;0.721962;0.010771;,
  0.047213;0.693393;-0.003992;,
  0.088565;0.691493;0.018425;,
  0.035074;0.787249;0.096794;,
  0.075085;0.768333;0.085762;,
  0.085678;0.759283;0.111514;,
  0.056257;0.762245;0.120987;,
  0.094001;0.539662;0.012667;,
  0.069835;0.527818;0.052643;,
  0.069088;0.540712;0.048032;,
  0.087061;0.550679;0.013374;,
  0.054358;0.561743;-0.030927;,
  0.074756;0.531339;-0.025148;,
  0.014812;0.560548;-0.044030;,
  0.017530;0.502232;-0.043629;,
  0.048137;0.512296;-0.047499;,
  0.000150;0.722773;0.012370;,
  -0.006065;0.690328;-0.000918;,
  0.033027;0.520406;0.072001;,
  0.031957;0.534503;0.068650;,
  0.076011;0.628762;0.092402;,
  0.029856;0.623235;0.112459;,
  0.022238;0.661002;0.130627;,
  0.075985;0.667657;0.116072;,
  0.042204;0.466371;-0.066111;,
  0.058698;0.373292;-0.096111;,
  0.101935;0.369295;-0.076874;,
  0.085384;0.460765;-0.040748;,
  0.065979;0.281694;-0.124400;,
  0.103498;0.275958;-0.087581;,
  0.002597;0.455465;-0.037345;,
  0.029998;0.416078;0.041363;,
  0.040512;0.341632;0.006762;,
  0.017838;0.360024;-0.063373;,
  0.059201;0.263357;-0.040028;,
  0.047733;0.267963;-0.080430;,
  0.098269;0.429148;0.009174;,
  0.116271;0.353995;-0.015590;,
  0.098514;0.271390;-0.047404;,
  0.129539;-0.000570;-0.077591;,
  0.085119;-0.002808;-0.084432;,
  0.086394;-0.003831;-0.035639;,
  0.121103;-0.002033;-0.032967;,
  0.079345;0.221249;-0.106191;,
  0.088157;0.147707;-0.108414;,
  0.122403;0.148608;-0.085897;,
  0.115665;0.222992;-0.083990;,
  0.102261;0.068489;-0.110306;,
  0.124766;0.068775;-0.084096;,
  0.046000;0.196629;-0.076420;,
  0.055884;0.209612;-0.023124;,
  0.069054;0.146442;-0.036342;,
  0.064585;0.140187;-0.078474;,
  0.093949;0.074747;-0.057446;,
  0.088295;0.058879;-0.087728;,
  0.125036;0.226695;-0.035587;,
  0.129583;0.153387;-0.048330;,
  0.117147;0.082248;-0.059740;,
  0.082213;0.502581;-0.028923;,
  -0.024158;0.493464;-0.035356;,
  -0.017771;0.457232;-0.029640;,
  0.002597;0.455465;-0.037345;,
  0.110264;0.488572;0.015804;,
  0.078396;0.479442;0.060335;,
  0.100834;0.440593;0.012309;,
  0.069047;0.435360;0.048800;,
  0.071913;0.585670;0.065499;,
  0.099034;0.635110;0.066601;,
  0.104030;0.645469;0.049560;,
  0.080603;0.661908;0.005967;,
  0.060934;0.612446;-0.006765;,
  0.089142;0.597199;0.031388;,
  0.037481;0.665562;-0.014910;,
  0.028128;0.613822;-0.022938;,
  -0.020195;0.663851;-0.000525;,
  -0.017035;0.604416;-0.008330;,
  0.141448;0.737780;0.026592;,
  0.089711;0.731606;0.013148;,
  0.168141;0.697904;0.010394;,
  0.115776;0.683557;-0.014943;,
  0.136527;0.636218;-0.011706;,
  0.180232;0.647632;0.005798;,
  0.079515;0.689097;0.055586;,
  0.100539;0.646230;0.037401;,
  0.115776;0.683557;-0.014943;,
  0.137717;0.604661;-0.005365;,
  0.136527;0.636218;-0.011706;,
  0.084753;0.687440;0.065498;,
  0.125992;0.699769;0.078214;,
  0.152858;0.660792;0.062982;,
  0.181413;0.615965;0.011794;,
  0.141005;0.723767;0.053041;,
  0.173842;0.669705;0.018676;,
  0.120634;0.659468;-0.000416;,
  0.128514;0.710527;-0.032242;,
  0.162241;0.715033;-0.018475;,
  0.133270;0.738857;-0.064357;,
  0.154534;0.751134;-0.052330;,
  0.120634;0.659468;-0.000416;,
  0.143162;0.621107;-0.044271;,
  0.156884;0.679188;-0.070803;,
  0.128514;0.710527;-0.032242;,
  0.160114;0.727880;-0.083050;,
  0.133270;0.738857;-0.064357;,
  0.195966;0.631464;-0.025141;,
  0.182608;0.682593;-0.059814;,
  0.169787;0.732266;-0.079642;,
  0.109058;0.814444;-0.139066;,
  0.111100;0.797439;-0.125262;,
  0.157996;0.798542;-0.114390;,
  0.155444;0.815267;-0.127989;,
  0.115519;0.783133;-0.117433;,
  0.122886;0.791484;-0.118782;,
  0.116360;0.799761;-0.115624;,
  0.105791;0.789554;-0.117930;,
  0.166663;0.762534;-0.103830;,
  0.163053;0.799597;-0.106864;,
  0.114700;0.789162;-0.088471;,
  0.118102;0.755371;-0.095919;,
  0.172108;0.776057;-0.068917;,
  0.163682;0.813812;-0.092878;,
  0.121626;0.768110;-0.059408;,
  0.117415;0.803230;-0.074643;,
  0.106779;0.764799;0.081642;,
  0.108706;0.771758;0.052694;,
  0.075085;0.768333;0.085762;,
  0.072104;0.770899;0.059495;,
  0.107807;0.677410;0.093761;,
  0.042204;0.785571;0.069080;,
  0.101377;0.759142;0.030812;,
  0.070323;0.755808;0.034837;,
  0.079420;0.737244;0.026532;,
  0.104480;0.739049;0.026582;,
  0.104135;0.718920;0.104454;,
  0.069826;0.707290;0.126683;,
  0.105958;0.723535;0.101241;,
  0.012805;0.699331;0.134656;,
  0.009163;0.757257;0.119228;,
  0.085678;0.759283;0.111514;,
  0.105958;0.723535;0.101241;,
  0.089572;0.712074;0.048235;,
  0.106056;0.716701;0.089865;,
  0.089711;0.731606;0.013148;,
  0.103427;0.681351;0.062843;,
  0.089875;0.685112;0.031391;,
  0.087001;0.725393;0.021734;,
  0.111742;0.681060;0.077205;,
  0.118102;0.755371;-0.095919;,
  0.029322;0.816318;0.089735;,
  0.037228;0.812722;0.068168;,
  0.006661;0.787490;0.104314;,
  0.003813;0.818736;0.099507;,
  0.117415;0.803230;-0.074643;,
  0.109058;0.814444;-0.139066;,
  0.155444;0.815267;-0.127989;,
  0.113846;0.769782;-0.102697;,
  0.096822;0.789139;-0.100153;,
  0.113846;0.769782;-0.102697;,
  0.123444;0.784706;-0.101293;,
  0.111127;0.802357;-0.089355;,
  0.111127;0.802357;-0.089355;,
  0.115519;0.783133;-0.117433;,
  0.105791;0.789554;-0.117930;,
  0.116360;0.799761;-0.115624;,
  0.140967;0.023274;-0.153175;,
  0.112828;0.019524;-0.193265;,
  0.115746;0.001223;-0.200738;,
  0.148267;0.002153;-0.160350;,
  0.081748;0.029590;-0.045873;,
  0.086394;-0.003831;-0.035639;,
  0.085119;-0.002808;-0.084432;,
  0.082618;0.022098;-0.086567;,
  0.093949;0.074747;-0.057446;,
  0.117147;0.082248;-0.059740;,
  0.122965;0.034783;-0.042840;,
  0.129539;-0.000570;-0.077591;,
  0.121103;-0.002033;-0.032967;,
  0.129004;0.034439;-0.079253;,
  0.102261;0.068489;-0.110306;,
  0.124766;0.068775;-0.084096;,
  0.080108;-0.000842;-0.193268;,
  0.084765;0.014808;-0.185230;,
  0.148267;0.002153;-0.160350;,
  0.080108;-0.000842;-0.193268;,
  0.017838;0.360024;-0.063373;,
  0.047733;0.267963;-0.080430;,
  0.046000;0.196629;-0.076420;,
  0.064585;0.140187;-0.078474;,
  0.088295;0.058879;-0.087728;,
  0.088295;0.058879;-0.087728;,
  0.006775;0.436598;0.011294;,
  0.047577;0.815955;0.050512;,
  0.038603;0.813241;0.031208;,
  0.029642;0.806652;0.032736;,
  0.028350;0.807712;0.051560;,
  0.040487;0.834077;0.074994;,
  0.033039;0.843110;0.096100;,
  0.022245;0.954725;0.045310;,
  0.002612;0.959479;0.045928;,
  0.002002;0.948252;0.018274;,
  0.034998;0.889980;-0.004629;,
  0.031745;0.917983;0.004754;,
  0.017912;0.889321;-0.010983;,
  0.053230;0.843383;0.055274;,
  0.044609;0.833571;0.028545;,
  0.046277;0.826904;0.059855;,
  0.054996;0.877638;0.073911;,
  0.055157;0.888502;0.051911;,
  0.054678;0.925444;0.047461;,
  0.045510;0.924139;0.021110;,
  0.050400;0.885155;0.025291;,
  0.042331;0.888366;0.111075;,
  0.052719;0.880850;0.090247;,
  0.003436;0.889233;0.122995;,
  0.003641;0.937219;0.111729;,
  0.036286;0.935384;0.100825;,
  0.050682;0.862453;0.025477;,
  0.035778;0.858338;0.002277;,
  0.034912;0.824551;0.014543;,
  0.019934;0.800550;0.002193;,
  0.000232;0.797593;-0.006952;,
  0.000597;0.794781;0.013999;,
  0.027596;0.937040;0.014343;,
  0.041832;0.944258;0.044964;,
  0.051059;0.933285;0.081581;,
  0.037529;0.951080;0.073694;,
  0.003300;0.958798;0.083317;,
  0.020467;0.956496;0.080589;,
  0.002864;0.851256;0.109892;,
  0.051059;0.933285;0.081581;,
  0.037529;0.951080;0.073694;,
  0.058255;0.873489;0.060441;,
  0.057712;0.846067;0.054660;,
  0.064985;0.872553;0.073558;,
  0.061880;0.891872;0.066148;,
  0.064985;0.872553;0.073558;,
  0.057712;0.846067;0.054660;,
  0.061880;0.891872;0.066148;,
  0.055157;0.888502;0.051911;,
  0.055315;0.864522;0.044275;,
  0.053230;0.843383;0.055274;,
  0.035697;0.880579;0.003113;,
  0.055315;0.864522;0.044275;,
  0.042204;0.785571;0.069080;,
  0.037228;0.812722;0.068168;,
  0.072104;0.770899;0.059495;,
  0.040487;0.834077;0.074994;,
  0.001064;0.766184;0.038624;,
  0.000841;0.744864;0.028069;,
  -0.024566;0.554881;-0.026174;,
  0.041610;0.473640;0.079990;,
  0.039655;0.440547;0.071175;,
  0.034693;0.422641;0.061774;,
  0.000073;0.792290;0.031448;,
  0.006775;0.436598;0.011294;,
  0.020467;0.956496;0.080589;,
  0.003300;0.958798;0.083317;,
  0.020752;0.832292;-0.001754;,
  0.013305;0.855371;-0.007558;,
  0.013401;0.845740;-0.008234;,
  0.001690;0.939333;0.005612;,
  0.001246;0.918109;-0.008415;,
  0.015912;0.880010;-0.002106;,
  0.031068;0.578459;0.086441;,
  0.072104;0.770899;0.059495;,
  0.115746;0.001223;-0.200738;,
  0.020099;0.825712;-0.001805;,
  0.012288;0.824061;-0.008703;,
  0.012214;0.828696;-0.004877;,
  0.000441;0.854069;-0.022001;,
  0.000530;0.845104;-0.013038;,
  0.011912;0.832850;-0.009495;,
  0.000538;0.829121;-0.005162;,
  0.000368;0.822646;-0.011296;,
  0.000826;0.888662;-0.017338;,
  0.000808;0.879094;-0.013892;,
  0.106056;0.716701;0.089865;,
  0.000428;0.833208;-0.013009;,
  0.086331;0.711493;0.064707;,
  0.089572;0.712074;0.048235;,
  0.087001;0.725393;0.021734;,
  0.052719;0.880850;0.090247;,
  0.079345;0.221249;-0.106191;,
  0.010423;0.221441;-0.094239;,
  0.025532;0.145065;-0.098386;,
  0.088157;0.147707;-0.108414;,
  0.065979;0.281694;-0.124400;,
  0.010031;0.279236;-0.101895;,
  0.058698;0.373292;-0.096111;,
  -0.003157;0.368917;-0.076216;,
  0.042204;0.466371;-0.066111;,
  -0.009629;0.455984;-0.060294;,
  0.017530;0.502232;-0.043629;,
  0.029678;0.072655;-0.104098;,
  0.102261;0.068489;-0.110306;,
  0.077637;0.136443;-0.009681;,
  0.089526;0.067401;-0.014090;,
  0.042244;0.063062;0.069284;,
  0.034394;0.135128;0.058801;,
  0.022385;0.200330;0.042400;,
  0.063001;0.207860;-0.010456;,
  0.018093;0.260135;0.037819;,
  0.058446;0.256453;-0.009708;,
  0.042561;0.338284;0.021198;,
  0.025290;0.341087;0.050734;,
  0.039414;0.413017;0.067749;,
  0.086331;0.711493;0.064707;,
  -0.066525;0.756802;0.048945;,
  -0.077627;0.737086;0.042529;,
  -0.031446;0.746330;0.040764;,
  -0.025133;0.772089;0.061871;,
  -0.082602;0.719012;0.038254;,
  -0.085200;0.679296;0.053103;,
  -0.056314;0.686126;0.016669;,
  -0.040244;0.718932;0.018615;,
  -0.022689;0.785099;0.102359;,
  -0.036969;0.758775;0.129969;,
  -0.067964;0.755894;0.126745;,
  -0.061466;0.770656;0.099207;,
  -0.051321;0.526768;0.093310;,
  -0.045162;0.535857;0.088864;,
  -0.005018;0.532405;0.090341;,
  -0.003439;0.521317;0.093305;,
  -0.068720;0.547947;0.039341;,
  -0.072087;0.518310;0.056339;,
  -0.060201;0.552139;-0.001204;,
  -0.074023;0.501500;0.019562;,
  -0.053995;0.495885;-0.003938;,
  0.031957;0.534503;0.068650;,
  0.033027;0.520406;0.072001;,
  -0.018982;0.617750;0.124965;,
  -0.033261;0.659989;0.137875;,
  0.022238;0.661002;0.130627;,
  0.029856;0.623235;0.112459;,
  -0.075205;0.453976;-0.001772;,
  -0.086852;0.450127;0.047468;,
  -0.120584;0.357084;0.038786;,
  -0.102082;0.358298;-0.004937;,
  -0.125073;0.263395;0.039449;,
  -0.123243;0.260049;-0.012549;,
  -0.024626;0.444030;-0.006912;,
  -0.049329;0.347036;-0.007716;,
  -0.017607;0.335553;0.060351;,
  0.016687;0.412719;0.062491;,
  -0.079028;0.254378;0.007464;,
  -0.059685;0.258231;0.043870;,
  -0.088880;0.347685;0.094480;,
  -0.055776;0.421647;0.092813;,
  -0.093963;0.266443;0.064412;,
  -0.098284;-0.001504;0.121538;,
  -0.065687;-0.001527;0.153192;,
  -0.038774;-0.001072;0.131044;,
  -0.065809;-0.000928;0.090393;,
  -0.110912;0.204207;0.025643;,
  -0.121920;0.215891;0.065106;,
  -0.114707;0.145724;0.089735;,
  -0.105537;0.134889;0.051275;,
  -0.101543;0.069897;0.115427;,
  -0.101706;0.063287;0.081424;,
  -0.062555;0.188212;0.028840;,
  -0.067067;0.135802;0.056554;,
  -0.042687;0.155821;0.085519;,
  -0.035628;0.218637;0.066998;,
  -0.074338;0.060336;0.090874;,
  -0.061745;0.081643;0.113053;,
  -0.095096;0.163067;0.118025;,
  -0.096299;0.235934;0.102338;,
  -0.081737;0.088570;0.125520;,
  -0.075271;0.488608;0.058469;,
  -0.024626;0.444030;-0.006912;,
  0.005122;0.472941;0.100997;,
  -0.050241;0.474331;0.104873;,
  0.000714;0.430102;0.090739;,
  -0.050253;0.430870;0.095004;,
  -0.011537;0.573544;0.104243;,
  -0.053754;0.617397;0.118977;,
  -0.069717;0.625326;0.109121;,
  -0.050532;0.576902;0.096237;,
  -0.065351;0.594095;0.051867;,
  -0.081331;0.643135;0.061478;,
  -0.057841;0.601330;0.016977;,
  -0.061786;0.654054;0.019118;,
  -0.128509;0.735959;0.044646;,
  -0.155935;0.693801;0.038691;,
  -0.076106;0.723936;0.042422;,
  -0.171228;0.645988;0.048495;,
  -0.126612;0.627970;0.042809;,
  -0.101947;0.670006;0.028246;,
  -0.075463;0.698266;0.097672;,
  -0.101947;0.670006;0.028246;,
  -0.097268;0.652441;0.091768;,
  -0.126612;0.627970;0.042809;,
  -0.131513;0.599696;0.061039;,
  -0.082142;0.700274;0.106604;,
  -0.151226;0.676519;0.102375;,
  -0.123571;0.717498;0.107760;,
  -0.176085;0.617483;0.066459;,
  -0.132901;0.731862;0.073973;,
  -0.165376;0.670292;0.051621;,
  -0.146903;0.696142;0.001026;,
  -0.112235;0.685903;-0.005354;,
  -0.111172;0.652370;0.045208;,
  -0.133109;0.714424;-0.043599;,
  -0.111697;0.701069;-0.050389;,
  -0.111172;0.652370;0.045208;,
  -0.112235;0.685903;-0.005354;,
  -0.138187;0.641862;-0.031062;,
  -0.131237;0.599614;0.018202;,
  -0.111697;0.701069;-0.050389;,
  -0.137318;0.683517;-0.062748;,
  -0.164683;0.649843;-0.025742;,
  -0.185044;0.617638;0.024664;,
  -0.146583;0.686459;-0.061989;,
  -0.089359;0.791296;-0.100982;,
  -0.135488;0.787487;-0.089464;,
  -0.137410;0.767321;-0.081669;,
  -0.090762;0.770813;-0.093087;,
  -0.094726;0.754681;-0.089999;,
  -0.085136;0.761183;-0.088638;,
  -0.095844;0.769910;-0.083121;,
  -0.102280;0.762852;-0.088582;,
  -0.145145;0.729605;-0.082633;,
  -0.096288;0.721574;-0.078093;,
  -0.093363;0.751485;-0.060610;,
  -0.142313;0.765870;-0.074107;,
  -0.142895;0.775047;-0.056400;,
  -0.150050;0.731537;-0.045168;,
  -0.099222;0.722315;-0.039382;,
  -0.096031;0.760519;-0.043067;,
  -0.090372;0.771899;0.102805;,
  -0.097806;0.779298;0.074819;,
  -0.062055;0.772809;0.073461;,
  -0.061466;0.770656;0.099207;,
  -0.072000;0.664790;0.129646;,
  -0.034828;0.782703;0.076502;,
  -0.096498;0.765897;0.051041;,
  -0.099002;0.742570;0.046898;,
  -0.077627;0.737086;0.042529;,
  -0.066525;0.756802;0.048945;,
  -0.085241;0.713974;0.125279;,
  -0.088177;0.718809;0.122643;,
  -0.045118;0.703012;0.137758;,
  0.012805;0.699331;0.134656;,
  0.009163;0.757257;0.119228;,
  -0.067964;0.755894;0.126745;,
  -0.088177;0.718809;0.122643;,
  -0.080969;0.707989;0.065591;,
  -0.076106;0.723936;0.042422;,
  -0.090034;0.712921;0.111484;,
  -0.080757;0.673136;0.065445;,
  -0.080481;0.668442;0.099546;,
  -0.082602;0.719012;0.038254;,
  -0.082423;0.667432;0.115955;,
  -0.096288;0.721574;-0.078093;,
  -0.032966;0.811562;0.072467;,
  -0.022607;0.815460;0.092915;,
  0.003813;0.818736;0.099507;,
  0.006661;0.787490;0.104314;,
  -0.096031;0.760519;-0.043067;,
  -0.089359;0.791296;-0.100982;,
  -0.135488;0.787487;-0.089464;,
  -0.075759;0.755523;-0.072006;,
  -0.092464;0.737476;-0.080146;,
  -0.092464;0.737476;-0.080146;,
  -0.102310;0.750990;-0.074041;,
  -0.090064;0.764393;-0.057423;,
  -0.090064;0.764393;-0.057423;,
  -0.085136;0.761183;-0.088638;,
  -0.094726;0.754681;-0.089999;,
  -0.095844;0.769910;-0.083121;,
  -0.152563;0.020038;0.066749;,
  -0.161256;-0.001659;0.064601;,
  -0.157836;-0.001226;0.012854;,
  -0.152364;0.017372;0.017698;,
  -0.043047;0.032375;0.120735;,
  -0.066626;0.024043;0.087757;,
  -0.065809;-0.000928;0.090393;,
  -0.038774;-0.001072;0.131044;,
  -0.061745;0.081643;0.113053;,
  -0.075287;0.034883;0.146989;,
  -0.081737;0.088570;0.125520;,
  -0.098284;-0.001504;0.121538;,
  -0.101097;0.033423;0.120640;,
  -0.065687;-0.001527;0.153192;,
  -0.101706;0.063287;0.081424;,
  -0.101543;0.069897;0.115427;,
  -0.124538;0.014686;0.008065;,
  -0.124325;-0.000776;-0.001532;,
  -0.124325;-0.000776;-0.001532;,
  -0.161256;-0.001659;0.064601;,
  -0.049329;0.347036;-0.007716;,
  -0.079028;0.254378;0.007464;,
  -0.062555;0.188212;0.028840;,
  -0.067067;0.135802;0.056554;,
  -0.074338;0.060336;0.090874;,
  -0.074338;0.060336;0.090874;,
  -0.044624;0.816752;0.052223;,
  -0.026024;0.806813;0.054891;,
  -0.027524;0.807146;0.033797;,
  -0.036420;0.813889;0.032600;,
  -0.036319;0.834740;0.076419;,
  -0.027938;0.843637;0.097232;,
  -0.017109;0.955065;0.046041;,
  0.002612;0.959479;0.045928;,
  -0.032822;0.890566;-0.003370;,
  -0.015997;0.889614;-0.010354;,
  -0.028740;0.918506;0.005876;,
  -0.042169;0.834321;0.030155;,
  -0.049621;0.844272;0.057183;,
  -0.042789;0.827673;0.061508;,
  -0.050102;0.878546;0.075861;,
  -0.050893;0.889418;0.053879;,
  -0.047185;0.885999;0.027102;,
  -0.041780;0.924894;0.022730;,
  -0.049940;0.926348;0.049402;,
  -0.047166;0.881713;0.092100;,
  -0.035884;0.889042;0.112526;,
  0.003436;0.889233;0.122995;,
  -0.029412;0.935952;0.102045;,
  0.003641;0.937219;0.111729;,
  -0.047852;0.863304;0.027306;,
  -0.033155;0.825139;0.015806;,
  -0.033892;0.858940;0.003570;,
  -0.019062;0.800887;0.002916;,
  -0.023909;0.937485;0.015299;,
  -0.036873;0.944938;0.046424;,
  -0.031390;0.951675;0.074973;,
  -0.044923;0.934115;0.083362;,
  -0.013993;0.956794;0.081229;,
  0.003300;0.958798;0.083317;,
  0.002864;0.851256;0.109892;,
  -0.044923;0.934115;0.083362;,
  -0.031390;0.951675;0.074973;,
  -0.060015;0.873633;0.075878;,
  -0.053979;0.847032;0.056733;,
  -0.053930;0.874459;0.062522;,
  -0.056840;0.892897;0.068351;,
  -0.053979;0.847032;0.056733;,
  -0.060015;0.873633;0.075878;,
  -0.056840;0.892897;0.068351;,
  -0.050893;0.889418;0.053879;,
  -0.051747;0.865447;0.046262;,
  -0.049621;0.844272;0.057183;,
  -0.033396;0.881176;0.004396;,
  -0.051747;0.865447;0.046262;,
  -0.032966;0.811562;0.072467;,
  -0.034828;0.782703;0.076502;,
  -0.062055;0.772809;0.073461;,
  -0.036319;0.834740;0.076419;,
  0.041610;0.473640;0.079990;,
  0.039655;0.440547;0.071175;,
  0.034693;0.422641;0.061774;,
  0.006775;0.436598;0.011294;,
  -0.013993;0.956794;0.081229;,
  0.003300;0.958798;0.083317;,
  -0.019478;0.832639;-0.001008;,
  -0.012141;0.845961;-0.007760;,
  -0.011854;0.855589;-0.007091;,
  -0.013831;0.880267;-0.001554;,
  0.031068;0.578459;0.086441;,
  -0.062055;0.772809;0.073461;,
  -0.157836;-0.001226;0.012854;,
  -0.011421;0.824266;-0.008263;,
  -0.018941;0.826049;-0.001080;,
  -0.011125;0.828898;-0.004444;,
  -0.010923;0.833048;-0.009071;,
  -0.090034;0.712921;0.111484;,
  -0.074280;0.707456;0.081911;,
  -0.080969;0.707989;0.065591;,
  -0.082602;0.719012;0.038254;,
  -0.047166;0.881713;0.092100;,
  -0.070725;0.208485;-0.029602;,
  -0.075268;0.134350;-0.011273;,
  -0.030868;0.140544;-0.063285;,
  -0.031417;0.217876;-0.063692;,
  -0.079134;0.267637;-0.040282;,
  -0.035991;0.274566;-0.067179;,
  -0.053757;0.359752;-0.037044;,
  -0.029632;0.363543;-0.055145;,
  -0.038610;0.447741;-0.035904;,
  -0.025838;0.449058;-0.048102;,
  -0.024158;0.493464;-0.035356;,
  -0.053995;0.495885;-0.003938;,
  -0.076822;0.063459;-0.000831;,
  -0.032121;0.074628;-0.066368;,
  -0.019202;0.081440;0.125784;,
  -0.081725;0.088570;0.125513;,
  -0.095096;0.163067;0.118025;,
  -0.025602;0.152891;0.102891;,
  -0.096299;0.235934;0.102338;,
  -0.034283;0.220112;0.084223;,
  -0.035981;0.259069;0.068384;,
  -0.093963;0.266443;0.064412;,
  -0.088880;0.347685;0.094480;,
  -0.007948;0.332334;0.074588;,
  0.039655;0.440547;0.071175;,
  0.000714;0.430102;0.090739;,
  -0.074280;0.707456;0.081911;,
  -0.075205;0.453976;-0.001772;,
  -0.102082;0.358298;-0.004937;,
  -0.123243;0.260049;-0.012549;,
  -0.110912;0.204207;0.025643;,
  -0.105537;0.134889;0.051275;,
  -0.101706;0.063287;0.081424;,
  0.098269;0.429148;0.009174;,
  0.116271;0.353995;-0.015590;,
  0.069047;0.435360;0.048800;,
  0.098514;0.271390;-0.047404;,
  0.125036;0.226695;-0.035587;,
  0.129583;0.153387;-0.048330;,
  0.117147;0.082248;-0.059740;,
  -0.055776;0.421647;0.092813;,
  0.070323;0.755808;0.034837;,
  0.070323;0.755808;0.034837;,
  0.079420;0.737244;0.026532;,
  0.079420;0.737244;0.026532;,
  0.087001;0.725393;0.021734;,
  0.087001;0.725393;0.021734;,
  0.087001;0.725393;0.021734;,
  0.047213;0.693393;-0.003992;,
  0.047213;0.693393;-0.003992;,
  0.047213;0.693393;-0.003992;,
  0.047213;0.693393;-0.003992;,
  0.047213;0.693393;-0.003992;,
  0.088565;0.691493;0.018425;,
  0.088565;0.691493;0.018425;,
  0.088565;0.691493;0.018425;,
  0.088565;0.691493;0.018425;,
  0.088565;0.691493;0.018425;,
  0.075085;0.768333;0.085762;,
  0.075085;0.768333;0.085762;,
  0.085678;0.759283;0.111514;,
  0.085678;0.759283;0.111514;,
  0.085678;0.759283;0.111514;,
  0.069088;0.540712;0.048032;,
  0.069088;0.540712;0.048032;,
  0.069088;0.540712;0.048032;,
  0.069088;0.540712;0.048032;,
  0.069088;0.540712;0.048032;,
  0.087061;0.550679;0.013374;,
  0.087061;0.550679;0.013374;,
  0.087061;0.550679;0.013374;,
  0.087061;0.550679;0.013374;,
  0.087061;0.550679;0.013374;,
  0.054358;0.561743;-0.030927;,
  0.054358;0.561743;-0.030927;,
  0.054358;0.561743;-0.030927;,
  0.054358;0.561743;-0.030927;,
  0.054358;0.561743;-0.030927;,
  0.054358;0.561743;-0.030927;,
  0.014812;0.560548;-0.044030;,
  0.014812;0.560548;-0.044030;,
  0.014812;0.560548;-0.044030;,
  0.014812;0.560548;-0.044030;,
  0.014812;0.560548;-0.044030;,
  0.048137;0.512296;-0.047499;,
  0.048137;0.512296;-0.047499;,
  0.048137;0.512296;-0.047499;,
  0.048137;0.512296;-0.047499;,
  0.048137;0.512296;-0.047499;,
  0.048137;0.512296;-0.047499;,
  -0.006065;0.690328;-0.000918;,
  -0.006065;0.690328;-0.000918;,
  -0.006065;0.690328;-0.000918;,
  -0.006065;0.690328;-0.000918;,
  -0.006065;0.690328;-0.000918;,
  0.031957;0.534503;0.068650;,
  0.031957;0.534503;0.068650;,
  0.076011;0.628762;0.092402;,
  0.076011;0.628762;0.092402;,
  0.076011;0.628762;0.092402;,
  0.076011;0.628762;0.092402;,
  0.029856;0.623235;0.112459;,
  0.029856;0.623235;0.112459;,
  0.022238;0.661002;0.130627;,
  0.022238;0.661002;0.130627;,
  0.075985;0.667657;0.116072;,
  0.075985;0.667657;0.116072;,
  0.075985;0.667657;0.116072;,
  0.075985;0.667657;0.116072;,
  0.075985;0.667657;0.116072;,
  0.042204;0.466371;-0.066111;,
  0.042204;0.466371;-0.066111;,
  0.042204;0.466371;-0.066111;,
  0.042204;0.466371;-0.066111;,
  0.042204;0.466371;-0.066111;,
  0.042204;0.466371;-0.066111;,
  0.085384;0.460765;-0.040748;,
  0.085384;0.460765;-0.040748;,
  0.085384;0.460765;-0.040748;,
  0.085384;0.460765;-0.040748;,
  0.085384;0.460765;-0.040748;,
  0.085384;0.460765;-0.040748;,
  0.065979;0.281694;-0.124400;,
  0.065979;0.281694;-0.124400;,
  0.065979;0.281694;-0.124400;,
  0.065979;0.281694;-0.124400;,
  0.065979;0.281694;-0.124400;,
  0.103498;0.275958;-0.087581;,
  0.103498;0.275958;-0.087581;,
  0.103498;0.275958;-0.087581;,
  0.103498;0.275958;-0.087581;,
  0.103498;0.275958;-0.087581;,
  0.029998;0.416078;0.041363;,
  0.029998;0.416078;0.041363;,
  0.029998;0.416078;0.041363;,
  0.029998;0.416078;0.041363;,
  0.029998;0.416078;0.041363;,
  0.029998;0.416078;0.041363;,
  0.029998;0.416078;0.041363;,
  0.059201;0.263357;-0.040028;,
  0.059201;0.263357;-0.040028;,
  0.059201;0.263357;-0.040028;,
  0.059201;0.263357;-0.040028;,
  0.059201;0.263357;-0.040028;,
  0.047733;0.267963;-0.080430;,
  0.098269;0.429148;0.009174;,
  0.098269;0.429148;0.009174;,
  0.098269;0.429148;0.009174;,
  0.098269;0.429148;0.009174;,
  0.098269;0.429148;0.009174;,
  0.098514;0.271390;-0.047404;,
  0.098514;0.271390;-0.047404;,
  0.098514;0.271390;-0.047404;,
  0.098514;0.271390;-0.047404;,
  0.098514;0.271390;-0.047404;,
  0.098514;0.271390;-0.047404;,
  0.102261;0.068489;-0.110306;,
  0.102261;0.068489;-0.110306;,
  0.124766;0.068775;-0.084096;,
  0.124766;0.068775;-0.084096;,
  0.124766;0.068775;-0.084096;,
  0.093949;0.074747;-0.057446;,
  0.093949;0.074747;-0.057446;,
  0.117147;0.082248;-0.059740;,
  0.117147;0.082248;-0.059740;,
  0.100834;0.440593;0.012309;,
  0.100834;0.440593;0.012309;,
  0.100834;0.440593;0.012309;,
  0.100834;0.440593;0.012309;,
  0.069047;0.435360;0.048800;,
  0.069047;0.435360;0.048800;,
  0.069047;0.435360;0.048800;,
  0.069047;0.435360;0.048800;,
  0.071913;0.585670;0.065499;,
  0.071913;0.585670;0.065499;,
  0.071913;0.585670;0.065499;,
  0.071913;0.585670;0.065499;,
  0.071913;0.585670;0.065499;,
  0.071913;0.585670;0.065499;,
  0.099034;0.635110;0.066601;,
  0.099034;0.635110;0.066601;,
  0.099034;0.635110;0.066601;,
  0.099034;0.635110;0.066601;,
  0.099034;0.635110;0.066601;,
  0.104030;0.645469;0.049560;,
  0.104030;0.645469;0.049560;,
  0.104030;0.645469;0.049560;,
  0.104030;0.645469;0.049560;,
  0.104030;0.645469;0.049560;,
  0.104030;0.645469;0.049560;,
  0.080603;0.661908;0.005967;,
  0.080603;0.661908;0.005967;,
  0.080603;0.661908;0.005967;,
  0.080603;0.661908;0.005967;,
  0.080603;0.661908;0.005967;,
  0.060934;0.612446;-0.006765;,
  0.060934;0.612446;-0.006765;,
  0.060934;0.612446;-0.006765;,
  0.060934;0.612446;-0.006765;,
  0.060934;0.612446;-0.006765;,
  0.060934;0.612446;-0.006765;,
  0.089142;0.597199;0.031388;,
  0.089142;0.597199;0.031388;,
  0.089142;0.597199;0.031388;,
  0.089142;0.597199;0.031388;,
  0.037481;0.665562;-0.014910;,
  0.037481;0.665562;-0.014910;,
  0.037481;0.665562;-0.014910;,
  0.037481;0.665562;-0.014910;,
  0.037481;0.665562;-0.014910;,
  0.028128;0.613822;-0.022938;,
  0.028128;0.613822;-0.022938;,
  0.028128;0.613822;-0.022938;,
  0.028128;0.613822;-0.022938;,
  0.028128;0.613822;-0.022938;,
  -0.020195;0.663851;-0.000525;,
  -0.020195;0.663851;-0.000525;,
  -0.020195;0.663851;-0.000525;,
  -0.020195;0.663851;-0.000525;,
  -0.020195;0.663851;-0.000525;,
  -0.020195;0.663851;-0.000525;,
  -0.020195;0.663851;-0.000525;,
  -0.017035;0.604416;-0.008330;,
  -0.017035;0.604416;-0.008330;,
  -0.017035;0.604416;-0.008330;,
  -0.017035;0.604416;-0.008330;,
  -0.017035;0.604416;-0.008330;,
  0.136527;0.636218;-0.011706;,
  0.136527;0.636218;-0.011706;,
  0.180232;0.647632;0.005798;,
  0.180232;0.647632;0.005798;,
  0.180232;0.647632;0.005798;,
  0.180232;0.647632;0.005798;,
  0.180232;0.647632;0.005798;,
  0.137717;0.604661;-0.005365;,
  0.137717;0.604661;-0.005365;,
  0.137717;0.604661;-0.005365;,
  0.137717;0.604661;-0.005365;,
  0.137717;0.604661;-0.005365;,
  0.136527;0.636218;-0.011706;,
  0.181413;0.615965;0.011794;,
  0.181413;0.615965;0.011794;,
  0.181413;0.615965;0.011794;,
  0.181413;0.615965;0.011794;,
  0.181413;0.615965;0.011794;,
  0.181413;0.615965;0.011794;,
  0.133270;0.738857;-0.064357;,
  0.133270;0.738857;-0.064357;,
  0.154534;0.751134;-0.052330;,
  0.154534;0.751134;-0.052330;,
  0.154534;0.751134;-0.052330;,
  0.154534;0.751134;-0.052330;,
  0.154534;0.751134;-0.052330;,
  0.154534;0.751134;-0.052330;,
  0.143162;0.621107;-0.044271;,
  0.143162;0.621107;-0.044271;,
  0.143162;0.621107;-0.044271;,
  0.143162;0.621107;-0.044271;,
  0.143162;0.621107;-0.044271;,
  0.160114;0.727880;-0.083050;,
  0.160114;0.727880;-0.083050;,
  0.160114;0.727880;-0.083050;,
  0.160114;0.727880;-0.083050;,
  0.133270;0.738857;-0.064357;,
  0.133270;0.738857;-0.064357;,
  0.195966;0.631464;-0.025141;,
  0.195966;0.631464;-0.025141;,
  0.195966;0.631464;-0.025141;,
  0.195966;0.631464;-0.025141;,
  0.169787;0.732266;-0.079642;,
  0.169787;0.732266;-0.079642;,
  0.169787;0.732266;-0.079642;,
  0.169787;0.732266;-0.079642;,
  0.169787;0.732266;-0.079642;,
  0.106779;0.764799;0.081642;,
  0.106779;0.764799;0.081642;,
  0.106779;0.764799;0.081642;,
  0.106779;0.764799;0.081642;,
  0.108706;0.771758;0.052694;,
  0.108706;0.771758;0.052694;,
  0.108706;0.771758;0.052694;,
  0.108706;0.771758;0.052694;,
  0.108706;0.771758;0.052694;,
  0.075085;0.768333;0.085762;,
  0.075085;0.768333;0.085762;,
  0.072104;0.770899;0.059495;,
  0.107807;0.677410;0.093761;,
  0.107807;0.677410;0.093761;,
  0.107807;0.677410;0.093761;,
  0.107807;0.677410;0.093761;,
  0.107807;0.677410;0.093761;,
  0.107807;0.677410;0.093761;,
  0.101377;0.759142;0.030812;,
  0.101377;0.759142;0.030812;,
  0.101377;0.759142;0.030812;,
  0.101377;0.759142;0.030812;,
  0.101377;0.759142;0.030812;,
  0.070323;0.755808;0.034837;,
  0.070323;0.755808;0.034837;,
