xof 0303txt 0032
template XSkinMeshHeader {
 <3cf169ce-ff7c-44ab-93c0-f78f62d172e2>
 WORD nMaxSkinWeightsPerVertex;
 WORD nMaxSkinWeightsPerFace;
 WORD nBones;
}

template VertexDuplicationIndices {
 <b8d65549-d7c9-4995-89cf-53a9a8b031e3>
 DWORD nIndices;
 DWORD nOriginalVertices;
 array DWORD indices[nIndices];
}

template SkinWeights {
 <6f0d123b-bad2-4167-a0d0-80224f25fabb>
 STRING transformNodeName;
 DWORD nWeights;
 array DWORD vertexIndices[nWeights];
 array FLOAT weights[nWeights];
 Matrix4x4 matrixOffset;
}

template AnimTicksPerSecond {
 <9e415a43-7ba6-4a73-8743-b73d47e88476>
 DWORD AnimTicksPerSecond;
}

template VertexElement {
 <f752461c-1e23-48f6-b9f8-8350850f336f>
 DWORD Type;
 DWORD Method;
 DWORD Usage;
 DWORD UsageIndex;
}

template DeclData {
 <bf22e553-292c-4781-9fea-62bd554bdd93>
 DWORD nElements;
 array VertexElement Elements[nElements];
 DWORD nDWords;
 array DWORD data[nDWords];
}


AnimTicksPerSecond {
 4800;
}

Frame Dummy01 {
 

 FrameTransformMatrix {
  1.000000,0.000000,0.000000,0.000000,0.000000,-0.000000,-1.000000,0.000000,0.000000,1.000000,-0.000000,0.000000,0.000000,0.000000,0.000000,1.000000;;
 }

 Frame Bip01 {
  

  FrameTransformMatrix {
   0.205792,0.978469,-0.015746,0.000000,0.033641,0.009008,0.999393,0.000000,0.978017,-0.206197,-0.031063,0.000000,-0.000526,-0.000691,0.508118,1.000000;;
  }

  Frame Bip01_Pelvis {
   

   FrameTransformMatrix {
    -0.000000,1.000000,-0.000001,0.000000,0.087154,0.000001,0.996195,0.000000,0.996195,0.000000,-0.087154,0.000000,0.000000,0.000000,0.000000,1.000000;;
   }

   Frame Bip01_Spine {
    

    FrameTransformMatrix {
     0.995542,-0.008287,-0.093950,0.000000,0.008184,0.999965,-0.001479,0.000000,0.093959,0.000704,0.995576,0.000000,0.051625,0.000000,-0.000084,1.000000;;
    }

    Frame Bip01_Spine1 {
     

     FrameTransformMatrix {
      0.999876,-0.004967,0.014942,0.000000,0.002951,0.991236,0.132071,0.000000,-0.015467,-0.132011,0.991128,0.000000,0.106481,0.000011,-0.000084,1.000000;;
     }

     Frame Bip01_Neck {
      

      FrameTransformMatrix {
       0.903366,0.000001,0.428870,0.000000,-0.000001,1.000000,-0.000000,0.000000,-0.428870,-0.000000,0.903366,0.000000,0.130516,0.000000,0.004628,1.000000;;
      }

      Frame Bip01_Head {
       

       FrameTransformMatrix {
        0.670948,-0.107407,-0.733684,0.000000,0.195716,0.980017,0.035512,0.000000,0.715209,-0.167420,0.678562,0.000000,0.033674,-0.000000,0.000000,1.000000;;
       }

       Frame Bip01_HeadNub {
        

        FrameTransformMatrix {
         1.000000,0.000000,-0.000000,0.000000,0.000000,1.000000,0.000000,0.000000,0.000000,0.000000,1.000000,0.000000,0.169824,0.000000,0.000000,1.000000;;
        }
       }
      }

      Frame Bip01_L_Clavicle {
       

       FrameTransformMatrix {
        0.282137,0.949939,-0.134222,0.000000,0.857818,-0.312437,-0.408083,0.000000,-0.429589,-0.000002,-0.903024,0.000000,-0.023698,0.015715,0.006128,1.000000;;
       }

       Frame Bip01_L_UpperArm {
        

        FrameTransformMatrix {
         0.712307,0.488472,-0.503999,0.000000,0.465440,0.208733,0.860114,0.000000,0.525342,-0.847246,-0.078672,0.000000,0.087086,0.000000,0.000000,1.000000;;
        }

        Frame Bip01_L_Forearm {
         

         FrameTransformMatrix {
          0.826354,0.000000,-0.563151,0.000000,0.000000,1.000000,0.000000,0.000000,0.563151,0.000000,0.826355,0.000000,0.137062,0.000000,-0.000000,1.000000;;
         }

         Frame Bip01_L_Hand {
          

          FrameTransformMatrix {
           0.959714,0.280466,0.016988,0.000000,0.112123,-0.437702,0.892102,0.000000,0.257640,-0.854258,-0.451515,0.000000,0.137062,0.000000,-0.000000,1.000000;;
          }

          Frame Bip01_L_Finger0 {
           

           FrameTransformMatrix {
            0.369685,-0.276096,0.887189,0.000000,0.840570,0.506268,-0.192708,0.000000,-0.395949,0.816986,0.419238,0.000000,0.057681,-0.023605,-0.000272,1.000000;;
           }

           Frame Bip01_L_Finger0Nub {
            

            FrameTransformMatrix {
             1.000000,-0.000000,-0.000000,0.000000,0.000000,1.000000,-0.000000,0.000000,0.000000,0.000000,1.000000,0.000000,0.029435,-0.000000,0.000000,1.000000;;
            }
           }
          }

          Frame Bip01_L_Finger1 {
           

           FrameTransformMatrix {
            0.666263,0.016447,0.745536,0.000000,-0.014696,0.999852,-0.008924,0.000000,-0.745572,-0.005010,0.666406,0.000000,0.084102,-0.000000,0.000000,1.000000;;
           }

           Frame Bip01_L_Finger1Nub {
            

            FrameTransformMatrix {
             1.000000,-0.000000,0.000000,0.000000,0.000000,1.000000,-0.000000,0.000000,-0.000000,0.000000,1.000000,0.000000,0.047988,-0.000000,0.000000,1.000000;;
            }
           }
          }
         }
        }
       }
      }

      Frame Bip01_R_Clavicle {
       

       FrameTransformMatrix {
        0.263013,-0.931006,-0.253085,0.000000,-0.865493,-0.343593,0.364508,0.000000,-0.426318,0.123173,-0.896148,0.000000,-0.023698,-0.015714,0.006128,1.000000;;
       }

       Frame Bip01_R_UpperArm {
        

        FrameTransformMatrix {
         0.511764,-0.578569,-0.635102,0.000000,-0.620118,0.262868,-0.739158,0.000000,0.594602,0.772113,-0.224255,0.000000,0.087086,0.000000,-0.000000,1.000000;;
        }

        Frame Bip01_R_Forearm {
         

         FrameTransformMatrix {
          0.810397,-0.000000,-0.585881,0.000000,0.000000,1.000000,0.000000,0.000000,0.585881,-0.000000,0.810397,0.000000,0.137062,0.000000,0.000000,1.000000;;
         }

         Frame Bip01_R_Hand {
          

          FrameTransformMatrix {
           0.841647,-0.515347,-0.161395,0.000000,-0.323149,-0.241165,-0.915103,0.000000,0.432673,0.822348,-0.369510,0.000000,0.137062,0.000000,0.000000,1.000000;;
          }

          Frame Bip01_R_Finger0 {
           

           FrameTransformMatrix {
            0.294757,0.444446,0.845923,0.000000,-0.881910,0.467358,0.061748,0.000000,-0.367905,-0.764229,0.529718,0.000000,0.057681,0.023605,-0.000272,1.000000;;
           }

           Frame Bip01_R_Finger0Nub {
            

            FrameTransformMatrix {
             -1.000000,-0.000000,0.000000,0.000000,-0.000000,1.000000,0.000000,0.000000,0.000000,0.000000,-1.000000,0.000000,0.029435,0.000000,0.000000,1.000000;;
            }
           }
          }

          Frame Bip01_R_Finger1 {
           

           FrameTransformMatrix {
            0.838152,0.000434,0.545436,0.000000,-0.000000,1.000000,-0.000796,0.000000,-0.545436,0.000667,0.838152,0.000000,0.084102,-0.000000,-0.000000,1.000000;;
           }

           Frame Bip01_R_Finger1Nub {
            

            FrameTransformMatrix {
             -1.000000,0.000000,0.000000,0.000000,0.000000,1.000000,-0.000000,0.000000,0.000000,-0.000000,-1.000000,0.000000,0.047988,0.000000,0.000000,1.000000;;
            }
           }
          }
         }
        }
       }
      }
     }

     Frame Bip01_BackPack {
      

      FrameTransformMatrix {
       0.190104,-0.000002,-0.981764,0.000000,0.000003,1.000000,-0.000002,0.000000,0.981764,-0.000002,0.190104,0.000000,0.063697,-0.000000,-0.088856,1.000000;;
      }

      Frame Bip01_BackPackNub {
       

       FrameTransformMatrix {
        0.000796,0.000003,1.000000,0.000000,0.000000,-1.000000,0.000003,0.000000,1.000000,-0.000000,-0.000796,0.000000,0.053240,0.000000,-0.000000,1.000000;;
       }
      }
     }
    }

    Frame Bip01_L_Thigh {
     

     FrameTransformMatrix {
      -0.990494,0.099831,-0.094639,0.000000,-0.096443,-0.994545,-0.039726,0.000000,-0.098089,-0.030221,0.994719,0.000000,-0.051861,0.054801,-0.004728,1.000000;;
     }

     Frame Bip01_L_Calf {
      

      FrameTransformMatrix {
       0.955331,0.000000,-0.295540,0.000000,-0.000000,1.000000,0.000000,0.000000,0.295540,0.000000,0.955330,0.000000,0.237500,0.000000,-0.000000,1.000000;;
      }

      Frame Bip01_L_Foot {
       

       FrameTransformMatrix {
        0.950977,0.081646,0.298290,0.000000,-0.204216,0.890113,0.407425,0.000000,-0.232247,-0.448368,0.863150,0.000000,0.206841,0.000000,0.000000,1.000000;;
       }

       Frame Bip01_L_Toe0 {
        

        FrameTransformMatrix {
         -0.000002,-0.000000,1.000000,0.000000,0.000000,1.000000,0.000000,0.000000,-1.000000,0.000000,-0.000002,0.000000,0.065373,0.000000,0.066450,1.000000;;
        }

        Frame Bip01_L_Toe0Nub {
         

         FrameTransformMatrix {
          -1.000000,-0.000000,-0.000000,0.000000,-0.000000,1.000000,0.000000,0.000000,-0.000000,0.000000,-1.000000,0.000000,0.006735,0.000000,-0.000000,1.000000;;
         }
        }
       }
      }
     }
    }

    Frame Bip01_R_Thigh {
     

     FrameTransformMatrix {
      -0.997166,-0.021390,-0.072133,0.000000,0.021286,-0.999771,0.002204,0.000000,-0.072163,0.000662,0.997393,0.000000,-0.050945,-0.055646,-0.004806,1.000000;;
     }

     Frame Bip01_R_Calf {
      

      FrameTransformMatrix {
       0.975166,0.000000,-0.221478,0.000000,-0.000000,1.000000,-0.000000,0.000000,0.221478,0.000000,0.975165,0.000000,0.237500,-0.000000,-0.000000,1.000000;;
      }

      Frame Bip01_R_Foot {
       

       FrameTransformMatrix {
        0.977793,0.036109,0.206441,0.000000,-0.043491,0.998563,0.031329,0.000000,-0.205013,-0.039611,0.977957,0.000000,0.206841,-0.000000,-0.000000,1.000000;;
       }

       Frame Bip01_R_Toe0 {
        

        FrameTransformMatrix {
         -0.113653,-0.833302,0.541008,0.000000,0.085447,0.534321,0.840952,0.000000,-0.989839,0.141804,0.010476,0.000000,0.065373,0.000000,0.066450,1.000000;;
        }

        Frame Bip01_R_Toe0Nub {
         

         FrameTransformMatrix {
          1.000000,-0.000000,-0.000000,0.000000,-0.000000,1.000000,0.000000,0.000000,0.000000,-0.000000,1.000000,0.000000,0.006735,0.000000,0.000000,1.000000;;
         }
        }
       }
      }
     }
    }
   }

   Frame Bip01_DressFront {
    

    FrameTransformMatrix {
     -0.996021,-0.085273,0.025894,0.000000,-0.085242,0.996358,0.002283,0.000000,-0.025995,0.000066,-0.999662,0.000000,-0.043998,0.001399,0.061087,1.000000;;
    }

    Frame Bip01_DressFront02 {
     

     FrameTransformMatrix {
      0.987807,0.000000,0.155685,0.000000,-0.000000,1.000000,-0.000000,0.000000,-0.155685,-0.000000,0.987807,0.000000,0.183345,-0.000000,-0.000130,1.000000;;
     }

     Frame Bip01_DressFrontNub {
      

      FrameTransformMatrix {
       0.000796,0.000003,1.000000,0.000000,0.000000,-1.000000,0.000003,0.000000,1.000000,-0.000000,-0.000796,0.000000,0.165302,-0.000000,0.000000,1.000000;;
      }
     }
    }
   }

   Frame Bip01_DressBack {
    

    FrameTransformMatrix {
     -0.985569,-0.114744,-0.124453,0.000000,-0.093890,0.982293,-0.162126,0.000000,0.140853,-0.148102,-0.978891,0.000000,-0.047752,0.000021,-0.078282,1.000000;;
    }

    Frame Bip01_DressBack02 {
     

     FrameTransformMatrix {
      0.999867,-0.000000,-0.016282,0.000000,0.000000,1.000000,0.000000,0.000000,0.016282,0.000000,0.999867,0.000000,0.176157,-0.000000,-0.000109,1.000000;;
     }

     Frame Bip01_DressBackNub {
      

      FrameTransformMatrix {
       0.000796,0.000003,1.000000,0.000000,0.000000,-1.000000,0.000003,0.000000,1.000000,-0.000000,-0.000796,0.000000,0.136508,-0.000000,-0.000000,1.000000;;
      }
     }
    }
   }
  }

  Frame Bip01_Prop1 {
   

   FrameTransformMatrix {
    0.422404,-0.045727,-0.905254,0.000000,0.725946,-0.580963,0.368083,0.000000,-0.542750,-0.812645,-0.212206,0.000000,0.060446,0.520549,-0.144294,1.000000;;
   }
  }

  Frame Bip01_Prop2 {
   

   FrameTransformMatrix {
    -0.008987,-0.999960,-0.000000,0.000000,0.999960,-0.008987,0.000000,0.000000,-0.000000,-0.000000,1.000000,0.000000,0.114897,0.524776,0.138388,1.000000;;
   }
  }
 }
}

Frame Translation_Data {
 

 FrameTransformMatrix {
  1.000000,0.000000,0.000000,0.000000,0.000000,-0.000000,-1.000000,0.000000,0.000000,1.000000,-0.000000,0.000000,0.000000,-0.000000,0.000000,1.000000;;
 }
}

Frame Body {
 

 FrameTransformMatrix {
  1.000000,0.000000,0.000000,0.000000,0.000000,1.000000,0.000000,0.000000,0.000000,0.000000,1.000000,0.000000,0.000000,0.000000,0.000000,1.000000;;
 }

 Mesh Body {
  617;
  0.069098;0.791174;-0.010538;,
  0.032056;0.796011;0.004736;,
  0.036792;0.768701;-0.014772;,
  0.083701;0.771347;-0.016539;,
  0.087213;0.743318;-0.019185;,
  0.043933;0.739716;-0.035450;,
  0.058053;0.706966;-0.043356;,
  0.094018;0.705366;-0.011519;,
  0.033581;0.812311;0.044062;,
  0.066143;0.802297;0.038160;,
  0.082200;0.786526;0.063862;,
  0.051443;0.788659;0.072004;,
  0.079199;0.555264;0.048700;,
  0.035123;0.552211;0.067946;,
  0.037056;0.563537;0.062232;,
  0.073193;0.565290;0.044378;,
  0.074720;0.566965;-0.011777;,
  0.084390;0.539399;0.008814;,
  0.050680;0.563676;-0.045682;,
  0.045101;0.507549;-0.034837;,
  0.072559;0.516036;-0.022241;,
  0.003013;0.742265;-0.037567;,
  0.004287;0.707450;-0.051999;,
  -0.006693;0.549299;0.062707;,
  -0.005576;0.562732;0.056939;,
  0.050744;0.653921;0.076947;,
  -0.001336;0.655366;0.078149;,
  0.001437;0.692667;0.088430;,
  0.058429;0.694325;0.085365;,
  0.060862;0.464741;-0.033723;,
  0.071331;0.366005;-0.030521;,
  0.106601;0.366515;0.001278;,
  0.091838;0.465442;0.006465;,
  0.075730;0.269605;-0.029494;,
  0.100361;0.274110;0.017040;,
  0.010760;0.463332;-0.015958;,
  0.001419;0.446711;0.068870;,
  0.021271;0.366204;0.066483;,
  0.021635;0.364043;-0.009455;,
  0.043264;0.277518;0.050322;,
  0.044319;0.270153;0.008774;,
  0.081086;0.448340;0.064870;,
  0.101157;0.369300;0.065760;,
  0.083712;0.281894;0.053361;,
  0.090152;0.006965;0.097826;,
  0.053680;0.006945;0.071468;,
  0.032526;0.007520;0.115462;,
  0.062244;0.007493;0.133680;,
  0.076235;0.216971;0.008441;,
  0.076623;0.146148;0.030232;,
  0.102936;0.153106;0.060889;,
  0.104709;0.224581;0.039204;,
  0.082655;0.072107;0.055764;,
  0.094495;0.076953;0.087273;,
  0.033166;0.203605;0.032334;,
  0.028981;0.232176;0.080009;,
  0.037852;0.167703;0.090174;,
  0.044815;0.148846;0.052358;,
  0.057768;0.090236;0.099084;,
  0.061988;0.068214;0.069662;,
  0.100334;0.242829;0.084945;,
  0.099676;0.169083;0.095815;,
  0.080639;0.095808;0.103860;,
  0.088855;0.510427;0.014937;,
  0.005562;0.501039;-0.051496;,
  0.002724;0.466743;-0.037284;,
  0.010760;0.463332;-0.015958;,
  0.083890;0.505819;0.069138;,
  0.031326;0.506433;0.086988;,
  0.079067;0.459507;0.067658;,
  0.031022;0.463067;0.083916;,
  0.044559;0.608126;0.064494;,
  0.083308;0.653966;0.060897;,
  0.095758;0.660862;0.045266;,
  0.092413;0.671167;-0.007774;,
  0.075523;0.619549;-0.008395;,
  0.078624;0.610936;0.042030;,
  0.060253;0.674250;-0.045375;,
  0.055267;0.619590;-0.039865;,
  0.008170;0.677047;-0.054581;,
  0.007009;0.616510;-0.049330;,
  0.101488;0.843297;0.028351;,
  0.075149;0.820655;-0.012750;,
  0.132642;0.879217;0.010911;,
  0.105226;0.866334;-0.040784;,
  0.138516;0.901396;-0.059810;,
  0.160954;0.912220;-0.018097;,
  0.123806;0.789526;-0.032122;,
  0.153419;0.823726;-0.055863;,
  0.105226;0.866334;-0.040784;,
  0.179705;0.870230;-0.074765;,
  0.138516;0.901396;-0.059810;,
  0.132782;0.785849;-0.026262;,
  0.149666;0.801194;0.012388;,
  0.180798;0.836362;-0.003954;,
  0.202156;0.881071;-0.033243;,
  0.125696;0.825687;0.028526;,
  0.159554;0.933330;-0.018454;,
  0.133842;0.922898;-0.068757;,
  0.145592;0.981313;-0.080231;,
  0.161404;0.985572;-0.047379;,
  0.154418;1.020868;-0.089883;,
  0.167448;1.028811;-0.071621;,
  0.133842;0.922898;-0.068757;,
  0.188333;0.902426;-0.093092;,
  0.198495;0.965225;-0.094940;,
  0.145592;0.981313;-0.080231;,
  0.188744;1.012531;-0.104993;,
  0.154418;1.020868;-0.089883;,
  0.213983;0.912705;-0.043069;,
  0.210268;0.968308;-0.069525;,
  0.199870;1.019044;-0.087706;,
  0.157357;1.146302;-0.099654;,
  0.149128;1.125911;-0.099035;,
  0.178444;1.102039;-0.128857;,
  0.186238;1.122296;-0.129058;,
  0.138898;1.092761;-0.085333;,
  0.143718;1.101789;-0.089924;,
  0.146893;1.106693;-0.080600;,
  0.137054;1.097220;-0.074712;,
  0.174478;1.049872;-0.122874;,
  0.189826;1.083901;-0.121373;,
  0.165233;1.085062;-0.074693;,
  0.145317;1.057929;-0.083416;,
  0.205388;1.046021;-0.101400;,
  0.205845;1.090406;-0.111414;,
  0.175566;1.053476;-0.059482;,
  0.182373;1.090762;-0.066314;,
  0.087845;0.824240;0.039973;,
  0.090747;0.830642;0.011136;,
  0.066143;0.802297;0.038160;,
  0.061782;0.809373;0.013012;,
  0.095552;0.699425;0.069284;,
  0.042958;0.807990;0.017321;,
  0.091420;0.814441;-0.008117;,
  0.069098;0.791174;-0.010538;,
  0.083701;0.771347;-0.016539;,
  0.095471;0.799993;-0.000920;,
  0.104494;0.746163;0.057475;,
  0.061911;0.733904;0.083358;,
  0.107225;0.751416;0.053642;,
  0.004111;0.728893;0.086866;,
  0.004489;0.785386;0.066488;,
  0.082200;0.786526;0.063862;,
  0.107225;0.751416;0.053642;,
  0.091530;0.738764;0.007331;,
  0.107535;0.748791;0.044934;,
  0.075149;0.820655;-0.012750;,
  0.098311;0.699819;0.037126;,
  0.092070;0.700515;0.002386;,
  0.087213;0.743318;-0.019185;,
  0.103353;0.700799;0.053309;,
  0.145317;1.057929;-0.083416;,
  0.032553;0.834518;0.032987;,
  0.039967;0.835012;0.012022;,
  0.004512;0.814237;0.048984;,
  0.007340;0.834153;0.042668;,
  0.182373;1.090762;-0.066314;,
  0.157357;1.146302;-0.099654;,
  0.186238;1.122296;-0.129058;,
  0.145742;1.074102;-0.083540;,
  0.148395;1.087507;-0.061534;,
  0.145742;1.074102;-0.083540;,
  0.156183;1.087992;-0.087394;,
  0.167966;1.096329;-0.067459;,
  0.167966;1.096329;-0.067459;,
  0.138898;1.092761;-0.085333;,
  0.137054;1.097220;-0.074712;,
  0.146893;1.106693;-0.080600;,
  0.136261;0.027547;0.035680;,
  0.129291;0.023986;-0.012817;,
  0.134103;0.005307;-0.018036;,
  0.144646;0.005823;0.032740;,
  0.035220;0.040777;0.104061;,
  0.032526;0.007520;0.115462;,
  0.053680;0.006945;0.071468;,
  0.054042;0.031863;0.068295;,
  0.057768;0.090236;0.099084;,
  0.080639;0.095808;0.103860;,
  0.070772;0.043792;0.125555;,
  0.090152;0.006965;0.097826;,
  0.062244;0.007493;0.133680;,
  0.092695;0.041872;0.095921;,
  0.082655;0.072107;0.055764;,
  0.094495;0.076953;0.087273;,
  0.098925;0.005465;-0.027655;,
  0.100410;0.021100;-0.018458;,
  0.144646;0.005823;0.032740;,
  0.098925;0.005465;-0.027655;,
  0.021635;0.364043;-0.009455;,
  0.044319;0.270153;0.008774;,
  0.033166;0.203605;0.032334;,
  0.044815;0.148846;0.052358;,
  0.061988;0.068214;0.069662;,
  0.061988;0.068214;0.069662;,
  -0.003742;0.454896;0.012932;,
  0.047319;0.848251;-0.004303;,
  0.035703;0.853409;-0.021595;,
  0.027757;0.845539;-0.022582;,
  0.030810;0.832675;-0.004469;,
  0.042513;0.851592;0.026418;,
  0.037677;0.848516;0.049863;,
  0.008534;0.967671;0.060198;,
  -0.011113;0.968429;0.064869;,
  -0.015026;0.971353;0.035419;,
  0.019273;0.936359;-0.015648;,
  0.014923;0.955919;0.006289;,
  0.001537;0.936029;-0.019897;,
  0.051046;0.870857;0.012492;,
  0.039273;0.873320;-0.014718;,
  0.046487;0.853265;0.009226;,
  0.052502;0.892374;0.045029;,
  0.048162;0.912065;0.031047;,
  0.043510;0.946265;0.044955;,
  0.030457;0.955885;0.022213;,
  0.039595;0.920726;0.006674;,
  0.044916;0.882513;0.083783;,
  0.052543;0.887248;0.061032;,
  0.008486;0.871601;0.098258;,
  0.002391;0.918699;0.111462;,
  0.032928;0.927307;0.097997;,
  0.042038;0.900887;-0.004094;,
  0.024110;0.905690;-0.024898;,
  0.028378;0.870408;-0.030347;,
  0.013963;0.852834;-0.051234;,
  -0.006569;0.851378;-0.058773;,
  -0.002635;0.839278;-0.041888;,
  0.010566;0.967439;0.024195;,
  0.028718;0.961799;0.053023;,
  0.044606;0.936726;0.078816;,
  0.028386;0.953758;0.081759;,
  -0.004465;0.950624;0.097081;,
  0.012195;0.952593;0.091980;,
  0.009429;0.844464;0.068645;,
  0.044606;0.936726;0.078816;,
  0.028386;0.953758;0.081759;,
  0.056855;0.874473;0.012618;,
  0.068314;0.890584;0.040689;,
  0.060384;0.910066;0.044018;,
  0.053968;0.895511;0.030983;,
  0.068314;0.890584;0.040689;,
  0.056855;0.874473;0.012618;,
  0.060384;0.910066;0.044018;,
  0.048162;0.912065;0.031047;,
  0.049368;0.894715;0.012856;,
  0.051046;0.870857;0.012492;,
  0.022069;0.924686;-0.013479;,
  0.049368;0.894715;0.012856;,
  0.042958;0.807990;0.017321;,
  0.039967;0.835012;0.012022;,
  0.061782;0.809373;0.013012;,
  0.042513;0.851592;0.026418;,
  0.003704;0.787695;-0.014976;,
  0.003390;0.765576;-0.023729;,
  0.007955;0.562834;-0.054577;,
  -0.010435;0.505156;0.081734;,
  -0.011220;0.470970;0.079024;,
  -0.010047;0.450675;0.073490;,
  0.002428;0.820313;-0.025986;,
  -0.003742;0.454896;0.012932;,
  0.012195;0.952593;0.091980;,
  -0.004465;0.950624;0.097081;,
  0.011155;0.882470;-0.039508;,
  0.000746;0.904109;-0.032783;,
  0.001640;0.896038;-0.038007;,
  -0.016494;0.969391;0.020123;,
  -0.017148;0.957311;-0.002261;,
  0.001850;0.923481;-0.016440;,
  -0.002848;0.608286;0.062429;,
  0.061782;0.809373;0.013012;,
  0.134103;0.005307;-0.018036;,
  0.011125;0.876652;-0.042650;,
  0.002513;0.877174;-0.048723;,
  0.002609;0.879432;-0.043154;,
  -0.014058;0.907632;-0.044791;,
  -0.011711;0.895676;-0.041289;,
  0.001191;0.885147;-0.045157;,
  -0.008954;0.878091;-0.042098;,
  -0.009480;0.875259;-0.050541;,
  -0.016199;0.935699;-0.024146;,
  -0.014772;0.925755;-0.025735;,
  0.107535;0.748791;0.044934;,
  -0.010687;0.885272;-0.046968;,
  0.087290;0.737739;0.021842;,
  0.091530;0.738764;0.007331;,
  0.087213;0.743318;-0.019185;,
  0.052543;0.887248;0.061032;,
  0.076235;0.216971;0.008441;,
  0.017451;0.220900;-0.027898;,
  0.023315;0.145940;-0.007669;,
  0.076623;0.146148;0.030232;,
  0.075730;0.269605;-0.029494;,
  0.025376;0.274670;-0.044414;,
  0.071331;0.366005;-0.030521;,
  0.014491;0.368516;-0.044319;,
  0.060862;0.464741;-0.033723;,
  0.013258;0.457289;-0.049266;,
  0.045101;0.507549;-0.034837;,
  0.020450;0.074500;0.005336;,
  0.082655;0.072107;0.055764;,
  0.033135;0.164480;0.119120;,
  0.036718;0.096695;0.137059;,
  -0.054567;0.090422;0.136114;,
  -0.046124;0.162170;0.124128;,
  -0.035036;0.226572;0.104098;,
  0.031956;0.234247;0.094189;,
  -0.032357;0.286345;0.099207;,
  0.033159;0.280043;0.079598;,
  0.018753;0.367144;0.081201;,
  -0.019975;0.374078;0.088705;,
  -0.015009;0.443979;0.083129;,
  0.087290;0.737739;0.021842;,
  -0.062901;0.793380;-0.005175;,
  -0.078233;0.773931;-0.010542;,
  -0.029756;0.769385;-0.014111;,
  -0.024073;0.796587;0.005293;,
  -0.080646;0.744743;-0.016843;,
  -0.086952;0.707780;-0.014962;,
  -0.049767;0.708404;-0.045408;,
  -0.037899;0.740557;-0.034638;,
  -0.024483;0.812908;0.044638;,
  -0.042269;0.789622;0.072934;,
  -0.072681;0.788574;0.066394;,
  -0.055521;0.804652;0.042845;,
  -0.086205;0.560651;0.028675;,
  -0.078757;0.569988;0.025939;,
  -0.048107;0.566170;0.051897;,
  -0.048277;0.554928;0.057849;,
  -0.066721;0.571338;-0.028941;,
  -0.082744;0.544843;-0.011421;,
  -0.035525;0.566341;-0.056143;,
  -0.065573;0.520476;-0.038897;,
  -0.036308;0.510200;-0.044694;,
  -0.005576;0.562732;0.056939;,
  -0.006693;0.549299;0.062707;,
  -0.052965;0.655711;0.071137;,
  -0.055347;0.695843;0.083199;,
  0.001437;0.692667;0.088430;,
  -0.001336;0.655366;0.078149;,
  -0.052321;0.469181;-0.048214;,
  -0.091237;0.468748;-0.015730;,
  -0.100577;0.368924;-0.025971;,
  -0.059376;0.370270;-0.049552;,
  -0.094805;0.276271;-0.011146;,
  -0.060657;0.275233;-0.051622;,
  -0.006484;0.468779;-0.020366;,
  -0.015230;0.369086;-0.018453;,
  -0.031027;0.369136;0.055857;,
  -0.022603;0.447493;0.065962;,
  -0.038180;0.274195;-0.007391;,
  -0.046291;0.279034;0.033892;,
  -0.109005;0.370056;0.038240;,
  -0.093849;0.450981;0.043255;,
  -0.086591;0.282234;0.028402;,
  -0.105507;0.005857;0.040525;,
  -0.108154;0.005804;0.085885;,
  -0.073910;0.002998;0.091764;,
  -0.060854;0.002204;0.044730;,
  -0.067016;0.220751;-0.019706;,
  -0.101723;0.224543;0.004710;,
  -0.101623;0.151251;0.019212;,
  -0.069075;0.148053;-0.005508;,
  -0.096872;0.073929;0.036616;,
  -0.073347;0.070875;0.011047;,
  -0.029551;0.205846;0.011577;,
  -0.042899;0.149077;0.023168;,
  -0.045015;0.164036;0.063242;,
  -0.036904;0.229383;0.061565;,
  -0.061021;0.063792;0.038969;,
  -0.067077;0.085487;0.063025;,
  -0.106611;0.163571;0.055393;,
  -0.108040;0.238019;0.051857;,
  -0.090630;0.091300;0.059073;,
  -0.090389;0.516265;-0.006764;,
  -0.006484;0.468779;-0.020366;,
  -0.052074;0.509150;0.076891;,
  -0.098794;0.511770;0.047020;,
  -0.051712;0.465582;0.073404;,
  -0.094191;0.463335;0.046517;,
  -0.049876;0.610139;0.056337;,
  -0.083500;0.656846;0.051552;,
  -0.093934;0.664136;0.034638;,
  -0.079436;0.614305;0.028375;,
  -0.067386;0.622596;-0.020741;,
  -0.084380;0.674219;-0.017679;,
  -0.042019;0.621664;-0.048270;,
  -0.048123;0.676121;-0.051448;,
  -0.083650;0.847263;0.037844;,
  -0.106352;0.886902;0.015975;,
  -0.059494;0.817239;0.000284;,
  -0.126141;0.922009;-0.016891;,
  -0.103548;0.904188;-0.056038;,
  -0.078644;0.865475;-0.032637;,
  -0.111811;0.794205;-0.020792;,
  -0.078644;0.865475;-0.032637;,
  -0.132929;0.831415;-0.048714;,
  -0.103548;0.904188;-0.056038;,
  -0.148871;0.880713;-0.072488;,
  -0.121668;0.792670;-0.015415;,
  -0.160661;0.852610;0.000129;,
  -0.137770;0.813631;0.020858;,
  -0.171461;0.898543;-0.033535;,
  -0.110694;0.834439;0.037254;,
  -0.120221;0.941979;-0.017928;,
  -0.108914;0.991516;-0.049356;,
  -0.092011;0.981989;-0.080516;,
  -0.093699;0.923265;-0.065328;,
  -0.103877;1.033088;-0.076188;,
  -0.091608;1.021222;-0.093978;,
  -0.093699;0.923265;-0.065328;,
  -0.092011;0.981989;-0.080516;,
  -0.145905;0.976251;-0.098859;,
  -0.149381;0.912921;-0.093167;,
  -0.091608;1.021222;-0.093978;,
  -0.126359;1.022512;-0.110655;,
  -0.158578;0.983319;-0.074704;,
  -0.175848;0.931454;-0.046031;,
  -0.136500;1.029871;-0.094311;,
  -0.068363;1.147503;-0.067351;,
  -0.098662;1.140585;-0.103533;,
  -0.092359;1.121738;-0.112263;,
  -0.061639;1.128326;-0.075772;,
  -0.057260;1.079901;-0.071673;,
  -0.055938;1.080711;-0.060110;,
  -0.060891;1.094238;-0.063817;,
  -0.057935;1.090879;-0.073869;,
  -0.103887;1.062258;-0.120970;,
  -0.073826;1.052353;-0.082624;,
  -0.086084;1.080453;-0.066223;,
  -0.109915;1.097497;-0.110119;,
  -0.123753;1.105046;-0.097887;,
  -0.134845;1.060937;-0.099260;,
  -0.104312;1.049674;-0.058726;,
  -0.101206;1.087937;-0.055649;,
  -0.073445;0.827748;0.049612;,
  -0.080203;0.834319;0.021467;,
  -0.052465;0.811355;0.017809;,
  -0.055521;0.804652;0.042845;,
  -0.091712;0.701924;0.065721;,
  -0.034474;0.808786;0.018088;,
  -0.084663;0.818171;0.002783;,
  -0.087353;0.802562;0.012170;,
  -0.078233;0.773931;-0.010542;,
  -0.062901;0.793380;-0.005175;,
  -0.096506;0.748558;0.060529;,
  -0.099171;0.753981;0.056879;,
  -0.053633;0.735091;0.084505;,
  0.004111;0.728893;0.086866;,
  0.004489;0.785386;0.066488;,
  -0.072681;0.788574;0.066394;,
  -0.099171;0.753981;0.056879;,
  -0.084649;0.740776;0.011499;,
  -0.059494;0.817239;0.000284;,
  -0.098874;0.751399;0.049461;,
  -0.085639;0.702886;-0.000996;,
  -0.093223;0.702375;0.033481;,
  -0.080646;0.744743;-0.016843;,
  -0.098863;0.703497;0.049461;,
  -0.073826;1.052353;-0.082624;,
  -0.029821;0.830372;0.016034;,
  -0.019076;0.831085;0.035955;,
  0.007340;0.834153;0.042668;,
  0.004512;0.814237;0.048984;,
  -0.101206;1.087937;-0.055649;,
  -0.068363;1.147503;-0.067351;,
  -0.098662;1.140585;-0.103533;,
  -0.071980;1.072994;-0.051184;,
  -0.070099;1.065196;-0.075814;,
  -0.070099;1.065196;-0.075814;,
  -0.074503;1.082432;-0.076367;,
  -0.086165;1.089508;-0.055881;,
  -0.086165;1.089508;-0.055881;,
  -0.055938;1.080711;-0.060110;,
  -0.057260;1.079901;-0.071673;,
  -0.060891;1.094238;-0.063817;,
  -0.097517;0.027216;-0.036233;,
  -0.103588;0.006046;-0.044349;,
  -0.062328;0.002787;-0.075598;,
  -0.060674;0.021266;-0.068177;,
  -0.065785;0.035889;0.081996;,
  -0.057058;0.026942;0.042541;,
  -0.060854;0.002204;0.044730;,
  -0.073910;0.002998;0.091764;,
  -0.067077;0.085487;0.063025;,
  -0.106311;0.042270;0.074791;,
  -0.090630;0.091300;0.059073;,
  -0.105507;0.005857;0.040525;,
  -0.103386;0.040755;0.038026;,
  -0.108154;0.005804;0.085885;,
  -0.073347;0.070875;0.011047;,
  -0.096872;0.073929;0.036616;,
  -0.035562;0.016111;-0.053442;,
  -0.029642;0.000061;-0.059652;,
  -0.029642;0.000061;-0.059652;,
  -0.103588;0.006046;-0.044349;,
  -0.015230;0.369086;-0.018453;,
  -0.038180;0.274195;-0.007391;,
  -0.029551;0.205846;0.011577;,
  -0.042899;0.149077;0.023168;,
  -0.061021;0.063792;0.038969;,
  -0.061021;0.063792;0.038969;,
  -0.043113;0.833587;0.006256;,
  -0.023250;0.829080;-0.001361;,
  -0.028312;0.836447;-0.016036;,
  -0.037880;0.841477;-0.013003;,
  -0.032820;0.839377;0.035214;,
  -0.022130;0.838818;0.056846;,
  -0.030064;0.961412;0.064705;,
  -0.011113;0.968429;0.064869;,
  -0.047245;0.925573;-0.007882;,
  -0.031722;0.930636;-0.016014;,
  -0.044403;0.946299;0.013216;,
  -0.045841;0.859518;-0.004780;,
  -0.049832;0.854499;0.024270;,
  -0.040870;0.839100;0.019426;,
  -0.050580;0.875659;0.057065;,
  -0.055854;0.895198;0.043192;,
  -0.056119;0.905205;0.017849;,
  -0.055158;0.942002;0.032209;,
  -0.059101;0.929626;0.056935;,
  -0.045426;0.871362;0.072471;,
  -0.031799;0.870073;0.092740;,
  0.008486;0.871601;0.098258;,
  -0.031510;0.916858;0.105521;,
  0.002391;0.918699;0.111462;,
  -0.054605;0.885215;0.007190;,
  -0.038385;0.859582;-0.022552;,
  -0.044223;0.894610;-0.016920;,
  -0.024285;0.846631;-0.046769;,
  -0.039952;0.959248;0.030093;,
  -0.048478;0.949281;0.062037;,
  -0.039212;0.942797;0.089652;,
  -0.049535;0.921460;0.089807;,
  -0.021604;0.947112;0.095927;,
  -0.004465;0.950624;0.097081;,
  0.009429;0.844464;0.068645;,
  -0.049535;0.921460;0.089807;,
  -0.039212;0.942797;0.089652;,
  -0.056294;0.856125;0.025829;,
  -0.056065;0.877669;0.043831;,
  -0.063601;0.889961;0.058494;,
  -0.065594;0.868870;0.056324;,
  -0.056294;0.856125;0.025829;,
  -0.065594;0.868870;0.056324;,
  -0.063601;0.889961;0.058494;,
  -0.055854;0.895198;0.043192;,
  -0.055641;0.877687;0.025117;,
  -0.049832;0.854499;0.024270;,
  -0.045699;0.913697;-0.005566;,
  -0.055641;0.877687;0.025117;,
  -0.029821;0.830372;0.016034;,
  -0.034474;0.808786;0.018088;,
  -0.052465;0.811355;0.017809;,
  -0.032820;0.839377;0.035214;,
  -0.010435;0.505156;0.081734;,
  -0.011220;0.470970;0.079024;,
  -0.010047;0.450675;0.073490;,
  -0.003742;0.454896;0.012932;,
  -0.021604;0.947112;0.095927;,
  -0.004465;0.950624;0.097081;,
  -0.028302;0.876072;-0.034901;,
  -0.023412;0.891976;-0.035081;,
  -0.023931;0.900107;-0.029902;,
  -0.027322;0.918751;-0.013034;,
  -0.002848;0.608286;0.062429;,
  -0.052465;0.811355;0.017809;,
  -0.062328;0.002787;-0.075598;,
  -0.020741;0.873403;-0.046008;,
  -0.027166;0.870443;-0.038180;,
  -0.020284;0.875720;-0.040481;,
  -0.021206;0.881515;-0.042542;,
  -0.098874;0.751399;0.049461;,
  -0.079946;0.739435;0.025765;,
  -0.084649;0.740776;0.011499;,
  -0.080646;0.744743;-0.016843;,
  -0.045426;0.871362;0.072471;,
  -0.035091;0.229071;-0.040209;,
  -0.049938;0.154524;-0.026933;,
  -0.020827;0.151835;-0.024902;,
  -0.013926;0.228324;-0.036471;,
  -0.031938;0.281926;-0.054909;,
  -0.008388;0.281939;-0.052411;,
  -0.015188;0.373867;-0.050266;,
  -0.002173;0.371129;-0.050286;,
  -0.004668;0.462182;-0.052649;,
  0.004414;0.456682;-0.053182;,
  0.005562;0.501039;-0.051496;,
  -0.036308;0.510200;-0.044694;,
  -0.057576;0.083193;-0.018166;,
  -0.026305;0.086039;-0.018871;,
  -0.053872;0.087299;0.102779;,
  -0.090617;0.091300;0.059076;,
  -0.106611;0.163571;0.055393;,
  -0.052233;0.161319;0.089621;,
  -0.108040;0.238019;0.051857;,
  -0.046810;0.227655;0.075691;,
  -0.043303;0.281376;0.068583;,
  -0.086591;0.282234;0.028402;,
  -0.109005;0.370056;0.038240;,
  -0.031880;0.368923;0.073337;,
  -0.011220;0.470970;0.079024;,
  -0.051712;0.465582;0.073404;,
  -0.079946;0.739435;0.025765;,
  -0.052321;0.469181;-0.048214;,
  -0.059376;0.370270;-0.049552;,
  -0.060657;0.275233;-0.051622;,
  -0.067016;0.220751;-0.019706;,
  -0.069075;0.148053;-0.005508;,
  -0.073347;0.070875;0.011047;,
  0.101157;0.369300;0.065760;,
  0.031022;0.463067;0.083916;,
  0.081086;0.448340;0.064870;,
  0.083712;0.281894;0.053361;,
  0.100334;0.242829;0.084945;,
  0.099676;0.169083;0.095815;,
  0.080639;0.095808;0.103860;,
  -0.093849;0.450981;0.043255;;
  916;
  3;0,2,1;,
  3;2,0,3;,
  3;4,6,5;,
  3;6,4,7;,
  3;8,10,9;,
  3;10,8,11;,
  3;12,14,13;,
  3;14,12,15;,
  3;16,12,17;,
  3;12,16,15;,
  3;18,20,19;,
  3;20,18,16;,
  3;5,22,21;,
  3;22,5,6;,
  3;13,24,23;,
  3;24,13,14;,
  3;25,27,26;,
  3;27,25,28;,
  3;29,31,30;,
  3;31,29,32;,
  3;31,33,30;,
  3;33,31,34;,
  3;35,37,36;,
  3;37,35,38;,
  3;38,39,37;,
  3;39,38,40;,
  3;36,42,41;,
  3;42,36,37;,
  3;37,43,42;,
  3;43,37,39;,
  3;41,31,32;,
  3;31,41,42;,
  3;42,34,31;,
  3;34,42,43;,
  3;44,46,45;,
  3;46,44,47;,
  3;48,50,49;,
  3;50,48,51;,
  3;49,53,52;,
  3;53,49,50;,
  3;54,56,55;,
  3;56,54,57;,
  3;57,58,56;,
  3;58,57,59;,
  3;55,61,60;,
  3;61,55,56;,
  3;56,62,61;,
  3;62,56,58;,
  3;60,50,51;,
  3;50,60,61;,
  3;61,53,50;,
  3;53,61,62;,
  3;32,20,63;,
  3;20,32,29;,
  3;64,66,65;,
  3;66,64,19;,
  3;13,67,12;,
  3;67,13,68;,
  3;68,69,67;,
  3;69,68,70;,
  3;70,41,69;,
  3;41,70,36;,
  3;48,34,51;,
  3;34,48,33;,
  3;51,43,60;,
  3;43,51,34;,
  3;43,55,60;,
  3;55,43,39;,
  3;39,54,55;,
  3;54,39,40;,
  3;12,63,17;,
  3;63,12,67;,
  3;67,32,63;,
  3;32,67,69;,
  3;69,41,32;,
  3;71,72,25;,
  3;73,75,74;,
  3;75,73,76;,
  3;75,77,74;,
  3;77,75,78;,
  3;79,78,80;,
  3;78,79,77;,
  3;81,83,82;,
  3;83,85,84;,
  3;85,83,86;,
  3;87,89,88;,
  3;89,90,88;,
  3;90,89,91;,
  3;92,94,93;,
  3;92,88,94;,
  3;92,87,88;,
  3;88,95,94;,
  3;95,88,90;,
  3;96,94,83;,
  3;94,86,83;,
  3;86,94,95;,
  3;97,99,98;,
  3;99,97,100;,
  3;100,101,99;,
  3;101,100,102;,
  3;103,105,104;,
  3;105,103,106;,
  3;106,107,105;,
  3;107,106,108;,
  3;104,110,109;,
  3;110,104,105;,
  3;105,111,110;,
  3;111,105,107;,
  3;109,100,97;,
  3;100,109,110;,
  3;110,102,100;,
  3;102,110,111;,
  3;112,114,113;,
  3;114,112,115;,
  3;116,118,117;,
  3;118,116,119;,
  3;120,122,121;,
  3;122,120,123;,
  3;120,125,124;,
  3;125,120,121;,
  3;126,125,127;,
  3;125,126,124;,
  3;95,97,86;,
  3;97,95,109;,
  3;86,98,85;,
  3;98,86,97;,
  3;90,103,104;,
  3;103,90,91;,
  3;104,95,90;,
  3;95,104,109;,
  3;128,96,129;,
  3;96,128,93;,
  3;129,130,128;,
  3;130,129,131;,
  3;72,28,25;,
  3;28,72,132;,
  3;9,133,8;,
  3;134,136,135;,
  3;136,134,137;,
  3;81,137,134;,
  3;138,11,139;,
  3;138,10,11;,
  3;138,140,10;,
  3;141,11,142;,
  3;11,141,139;,
  3;128,130,143;,
  3;93,144,92;,
  3;93,143,144;,
  3;93,128,143;,
  3;145,87,146;,
  3;87,145,147;,
  3;74,148,73;,
  3;148,74,149;,
  3;150,147,145;,
  3;7,149,74;,
  3;148,151,73;,
  3;102,152,101;,
  3;152,102,126;,
  3;102,124,126;,
  3;124,102,111;,
  3;111,120,124;,
  3;120,111,107;,
  3;120,108,123;,
  3;108,120,107;,
  3;8,154,153;,
  3;154,8,133;,
  3;153,155,8;,
  3;155,153,156;,
  3;121,113,114;,
  3;113,121,122;,
  3;122,112,113;,
  3;112,122,157;,
  3;158,125,159;,
  3;125,158,127;,
  3;159,121,114;,
  3;121,159,125;,
  3;126,160,152;,
  3;160,126,161;,
  3;162,122,123;,
  3;122,162,163;,
  3;122,164,157;,
  3;164,122,163;,
  3;165,126,127;,
  3;126,165,161;,
  3;161,166,160;,
  3;166,161,167;,
  3;162,117,163;,
  3;117,162,116;,
  3;163,118,164;,
  3;118,163,117;,
  3;165,167,161;,
  3;167,165,168;,
  3;169,171,170;,
  3;171,169,172;,
  3;173,175,174;,
  3;175,173,176;,
  3;177,179,178;,
  3;179,177,173;,
  3;180,179,181;,
  3;179,180,182;,
  3;183,169,170;,
  3;169,183,184;,
  3;175,186,185;,
  3;186,175,176;,
  3;45,187,44;,
  3;187,45,188;,
  3;180,169,182;,
  3;169,180,172;,
  3;19,29,66;,
  3;20,29,19;,
  3;29,30,189;,
  3;30,190,189;,
  3;190,30,33;,
  3;33,191,190;,
  3;191,33,48;,
  3;191,49,192;,
  3;49,191,48;,
  3;192,52,193;,
  3;52,192,49;,
  3;194,170,186;,
  3;170,194,183;,
  3;170,185,186;,
  3;185,170,171;,
  3;186,176,194;,
  3;194,173,177;,
  3;173,194,176;,
  3;179,174,181;,
  3;174,179,173;,
  3;178,182,184;,
  3;182,178,179;,
  3;182,169,184;,
  3;16,17,20;,
  3;17,63,20;,
  3;66,195,65;,
  3;196,198,197;,
  3;198,196,199;,
  3;200,153,154;,
  3;153,200,201;,
  3;202,204,203;,
  3;205,207,206;,
  3;196,209,208;,
  3;209,196,197;,
  3;210,208,211;,
  3;208,210,196;,
  3;212,214,213;,
  3;214,212,215;,
  3;212,213,211;,
  3;201,217,216;,
  3;217,201,200;,
  3;218,220,219;,
  3;220,218,216;,
  3;210,199,196;,
  3;214,205,206;,
  3;221,223,222;,
  3;197,198,224;,
  3;224,226,225;,
  3;226,224,198;,
  3;227,214,206;,
  3;228,229,213;,
  3;229,228,230;,
  3;219,232,231;,
  3;214,228,213;,
  3;156,201,233;,
  3;201,156,153;,
  3;233,216,218;,
  3;216,233,201;,
  3;220,216,234;,
  3;235,220,234;,
  3;236,238,237;,
  3;238,236,239;,
  3;208,240,211;,
  3;240,208,241;,
  3;211,242,212;,
  3;242,211,240;,
  3;243,239,244;,
  3;239,243,238;,
  3;244,236,245;,
  3;236,244,239;,
  3;246,221,222;,
  3;221,246,215;,
  3;221,212,247;,
  3;212,221,215;,
  3;199,248,1;,
  3;248,199,249;,
  3;133,9,250;,
  3;249,210,251;,
  3;210,249,199;,
  3;210,211,251;,
  3;252,2,253;,
  3;2,252,1;,
  3;19,254,18;,
  3;254,19,64;,
  3;23,68,13;,
  3;68,23,255;,
  3;68,256,70;,
  3;256,68,255;,
  3;256,36,70;,
  3;36,256,257;,
  3;258,1,252;,
  3;1,258,199;,
  3;257,259,36;,
  3;36,259,35;,
  3;260,203,261;,
  3;203,260,202;,
  3;262,263,222;,
  3;263,262,264;,
  3;198,258,226;,
  3;258,198,199;,
  3;265,204,227;,
  3;265,206,266;,
  3;206,265,227;,
  3;222,267,246;,
  3;267,222,263;,
  3;89,87,147;,
  3;82,83,84;,
  3;78,16,18;,
  3;16,78,75;,
  3;75,15,16;,
  3;15,75,76;,
  3;15,71,14;,
  3;71,15,76;,
  3;14,268,24;,
  3;268,14,71;,
  3;248,269,1;,
  3;1,269,0;,
  3;135,129,134;,
  3;129,135,131;,
  3;134,96,81;,
  3;96,134,129;,
  3;96,83,81;,
  3;94,96,93;,
  3;29,189,66;,
  3;205,215,246;,
  3;267,205,246;,
  3;205,267,207;,
  3;205,214,215;,
  3;187,188,270;,
  3;224,272,271;,
  3;223,221,209;,
  3;224,223,197;,
  3;271,273,262;,
  3;273,271,272;,
  3;263,275,274;,
  3;273,276,262;,
  3;277,272,278;,
  3;272,277,273;,
  3;223,271,262;,
  3;271,223,224;,
  3;223,209,197;,
  3;208,221,247;,
  3;221,208,209;,
  3;222,223,262;,
  3;266,207,279;,
  3;207,266,206;,
  3;207,280,279;,
  3;280,207,267;,
  3;280,263,274;,
  3;263,280,267;,
  3;264,262,276;,
  3;76,73,72;,
  3;138,281,140;,
  3;73,132,72;,
  3;132,73,151;,
  3;72,71,76;,
  3;272,225,278;,
  3;155,11,8;,
  3;276,277,282;,
  3;277,276,273;,
  3;275,276,282;,
  3;276,275,264;,
  3;28,141,27;,
  3;141,28,139;,
  3;139,132,138;,
  3;132,139,28;,
  3;132,281,138;,
  3;281,132,151;,
  3;281,148,283;,
  3;148,281,151;,
  3;283,149,284;,
  3;149,283,148;,
  3;7,284,149;,
  3;284,7,4;,
  3;6,79,22;,
  3;79,6,77;,
  3;77,7,74;,
  3;7,77,6;,
  3;5,3,4;,
  3;3,5,2;,
  3;285,137,82;,
  3;137,285,136;,
  3;137,81,82;,
  3;92,146,87;,
  3;146,92,144;,
  3;2,21,253;,
  3;21,2,5;,
  3;286,213,229;,
  3;251,211,286;,
  3;213,286,211;,
  3;234,216,217;,
  3;227,202,228;,
  3;202,230,228;,
  3;230,202,260;,
  3;232,220,235;,
  3;228,214,227;,
  3;26,71,25;,
  3;71,26,268;,
  3;155,142,11;,
  3;18,80,78;,
  3;80,18,254;,
  3;272,224,225;,
  3;275,263,264;,
  3;202,227,204;,
  3;232,219,220;,
  3;287,289,288;,
  3;289,287,290;,
  3;291,288,292;,
  3;288,291,287;,
  3;293,292,294;,
  3;292,293,291;,
  3;295,294,296;,
  3;294,295,293;,
  3;296,297,295;,
  3;298,290,299;,
  3;290,298,289;,
  3;300,302,301;,
  3;302,300,303;,
  3;304,300,305;,
  3;300,304,303;,
  3;306,305,307;,
  3;305,306,304;,
  3;308,306,307;,
  3;306,308,309;,
  3;308,310,309;,
  3;145,146,311;,
  3;312,314,313;,
  3;314,312,315;,
  3;316,318,317;,
  3;318,316,319;,
  3;320,322,321;,
  3;322,320,323;,
  3;324,326,325;,
  3;326,324,327;,
  3;328,324,325;,
  3;324,328,329;,
  3;330,331,328;,
  3;331,330,332;,
  3;319,22,318;,
  3;22,319,21;,
  3;327,333,326;,
  3;333,327,334;,
  3;335,337,336;,
  3;337,335,338;,
  3;339,341,340;,
  3;341,339,342;,
  3;341,344,343;,
  3;344,341,342;,
  3;345,347,346;,
  3;347,345,348;,
  3;346,350,349;,
  3;350,346,347;,
  3;348,351,347;,
  3;351,348,352;,
  3;347,353,350;,
  3;353,347,351;,
  3;352,341,351;,
  3;341,352,340;,
  3;351,343,353;,
  3;343,351,341;,
  3;354,356,355;,
  3;356,354,357;,
  3;358,360,359;,
  3;360,358,361;,
  3;361,362,360;,
  3;362,361,363;,
  3;364,366,365;,
  3;366,364,367;,
  3;365,369,368;,
  3;369,365,366;,
  3;367,370,366;,
  3;370,367,371;,
