xof 0303txt 0032
template XSkinMeshHeader {
 <3cf169ce-ff7c-44ab-93c0-f78f62d172e2>
 WORD nMaxSkinWeightsPerVertex;
 WORD nMaxSkinWeightsPerFace;
 WORD nBones;
}

template VertexDuplicationIndices {
 <b8d65549-d7c9-4995-89cf-53a9a8b031e3>
 DWORD nIndices;
 DWORD nOriginalVertices;
 array DWORD indices[nIndices];
}

template SkinWeights {
 <6f0d123b-bad2-4167-a0d0-80224f25fabb>
 STRING transformNodeName;
 DWORD nWeights;
 array DWORD vertexIndices[nWeights];
 array FLOAT weights[nWeights];
 Matrix4x4 matrixOffset;
}

template AnimTicksPerSecond {
 <9e415a43-7ba6-4a73-8743-b73d47e88476>
 DWORD AnimTicksPerSecond;
}

template VertexElement {
 <f752461c-1e23-48f6-b9f8-8350850f336f>
 DWORD Type;
 DWORD Method;
 DWORD Usage;
 DWORD UsageIndex;
}

template DeclData {
 <bf22e553-292c-4781-9fea-62bd554bdd93>
 DWORD nElements;
 array VertexElement Elements[nElements];
 DWORD nDWords;
 array DWORD data[nDWords];
}


AnimTicksPerSecond {
 4800;
}

Frame Dummy01 {
 

 FrameTransformMatrix {
  1.000000,0.000000,0.000000,0.000000,0.000000,-0.000000,-1.000000,0.000000,0.000000,1.000000,-0.000000,0.000000,-0.000000,0.000000,0.000000,1.000000;;
 }

 Frame Bip01 {
  

  FrameTransformMatrix {
   -0.087155,0.982405,-0.165182,0.000000,-0.000001,0.165813,0.986157,0.000000,0.996195,0.085948,-0.014450,0.000000,-0.010000,-0.012284,0.492158,1.000000;;
  }

  Frame Bip01_Pelvis {
   

   FrameTransformMatrix {
    0.000000,1.000000,-0.000001,0.000000,-0.000001,0.000001,1.000000,0.000000,1.000000,0.000000,0.000001,0.000000,0.000000,0.000000,0.000000,1.000000;;
   }

   Frame Bip01_Spine {
    

    FrameTransformMatrix {
     0.984686,0.000002,-0.174337,0.000000,-0.000001,1.000000,0.000004,0.000000,0.174337,-0.000004,0.984686,0.000000,0.051619,0.000000,-0.000083,1.000000;;
    }

    Frame Bip01_Spine1 {
     

     FrameTransformMatrix {
      0.997819,0.052687,0.039774,0.000000,-0.044862,0.983198,-0.176942,0.000000,-0.048428,0.174771,0.983417,0.000000,0.106484,-0.000015,-0.000083,1.000000;;
     }

     Frame Bip01_Neck {
      

      FrameTransformMatrix {
       0.966067,-0.020835,0.257451,0.000000,0.025191,0.999590,-0.013632,0.000000,-0.257061,0.019655,0.966195,0.000000,0.130511,-0.000001,0.004626,1.000000;;
      }

      Frame Bip01_Head {
       

       FrameTransformMatrix {
        0.989321,-0.051753,-0.136255,0.000000,0.064251,0.993958,0.088989,0.000000,0.130826,-0.096793,0.986669,0.000000,0.033674,0.000000,-0.000000,1.000000;;
       }
      }

      Frame Bip01_L_Clavicle {
       

       FrameTransformMatrix {
        -0.205975,0.976135,0.068811,0.000000,0.943873,0.216738,-0.249254,0.000000,-0.258220,0.013609,-0.965990,0.000000,-0.024734,0.015166,0.002017,1.000000;;
       }

       Frame Bip01_L_UpperArm {
        

        FrameTransformMatrix {
         0.385871,-0.777670,0.496320,0.000000,0.922466,0.332598,-0.196046,0.000000,-0.012616,0.533487,0.845714,0.000000,0.087086,0.000000,-0.000000,1.000000;;
        }

        Frame Bip01_L_Forearm {
         

         FrameTransformMatrix {
          0.943939,0.000000,-0.330119,0.000000,0.000000,1.000000,-0.000000,0.000000,0.330119,0.000000,0.943939,0.000000,0.137062,0.000000,0.000000,1.000000;;
         }

         Frame Bip01_L_Hand {
          

          FrameTransformMatrix {
           1.000000,0.000000,0.000000,0.000000,0.000000,0.000796,1.000000,0.000000,0.000000,-1.000000,0.000796,0.000000,0.137062,0.000000,-0.000000,1.000000;;
          }

          Frame Bip01_L_Finger0 {
           

           FrameTransformMatrix {
            0.690342,-0.181727,0.700288,0.000000,0.558537,0.749101,-0.356210,0.000000,-0.459853,0.637043,0.618637,0.000000,0.057681,-0.023605,-0.000272,1.000000;;
           }
          }

          Frame Bip01_L_Finger1 {
           

           FrameTransformMatrix {
            0.728079,-0.000546,0.685493,0.000000,0.000000,1.000000,0.000796,0.000000,-0.685493,-0.000580,0.728079,0.000000,0.084102,0.000000,0.000000,1.000000;;
           }
          }
         }
        }
       }
      }

      Frame Bip01_R_Clavicle {
       

       FrameTransformMatrix {
        -0.028509,-0.999573,-0.006461,0.000000,-0.965666,0.025871,0.258498,0.000000,-0.258220,0.013609,-0.965990,0.000000,-0.024080,-0.016250,0.001399,1.000000;;
       }

       Frame Bip01_R_UpperArm {
        

        FrameTransformMatrix {
         0.221390,0.975047,0.016433,0.000000,-0.974986,0.221654,-0.016512,0.000000,-0.019742,-0.012366,0.999729,0.000000,0.087086,-0.000000,0.000000,1.000000;;
        }

        Frame Bip01_R_Forearm {
         

         FrameTransformMatrix {
          0.915660,0.000000,-0.401954,0.000000,0.000000,1.000000,0.000000,0.000000,0.401954,-0.000000,0.915660,0.000000,0.137062,0.000000,0.000000,1.000000;;
         }

         Frame Bip01_R_Hand {
          

          FrameTransformMatrix {
           0.975195,-0.000000,-0.221346,0.000000,-0.221346,0.000796,-0.975195,0.000000,0.000176,1.000000,0.000777,0.000000,0.137062,-0.000000,-0.000000,1.000000;;
          }

          Frame Bip01_R_Finger0 {
           

           FrameTransformMatrix {
            0.417774,-0.116941,0.900994,0.000000,-0.558537,0.749101,0.356210,0.000000,-0.716591,-0.652054,0.247639,0.000000,0.057681,0.023605,-0.000272,1.000000;;
           }
          }

          Frame Bip01_R_Finger1 {
           

           FrameTransformMatrix {
            0.352436,0.000745,0.935835,0.000000,0.000000,1.000000,-0.000796,0.000000,-0.935836,0.000281,0.352436,0.000000,0.084102,-0.000000,0.000000,1.000000;;
           }
          }
         }
        }
       }
      }
     }

     Frame Bip01_BackPack {
      

      FrameTransformMatrix {
       0.180560,0.080500,-0.980264,0.000000,0.047560,0.994764,0.090451,0.000000,0.982413,-0.062954,0.175786,0.000000,0.063697,0.000003,-0.088856,1.000000;;
      }
     }
    }

    Frame Bip01_L_Thigh {
     

     FrameTransformMatrix {
      -0.888504,0.030427,0.457858,0.000000,-0.032107,-0.999476,0.004114,0.000000,0.457744,-0.011045,0.889016,0.000000,-0.050843,0.055225,-0.008917,1.000000;;
     }

     Frame Bip01_L_Calf {
      

      FrameTransformMatrix {
       0.942235,0.000000,-0.334952,0.000000,-0.000000,1.000000,-0.000000,0.000000,0.334952,0.000000,0.942235,0.000000,0.237500,-0.000000,0.000000,1.000000;;
      }

      Frame Bip01_L_Foot {
       

       FrameTransformMatrix {
        0.924324,-0.026487,0.380687,0.000000,-0.068962,0.969570,0.234901,0.000000,-0.375325,-0.243378,0.894371,0.000000,0.206841,0.000000,-0.000000,1.000000;;
       }

       Frame Bip01_L_Toe0 {
        

        FrameTransformMatrix {
         0.000000,0.000000,1.000000,0.000000,0.000000,1.000000,-0.000000,0.000000,-1.000000,0.000000,0.000000,0.000000,0.065373,-0.000000,0.066450,1.000000;;
        }
       }
      }
     }
    }

    Frame Bip01_R_Thigh {
     

     FrameTransformMatrix {
      -0.996965,0.030321,-0.071705,0.000000,-0.029455,-0.999480,-0.013113,0.000000,-0.072065,-0.010961,0.997340,0.000000,-0.050843,-0.055225,-0.008917,1.000000;;
     }

     Frame Bip01_R_Calf {
      

      FrameTransformMatrix {
       0.730239,0.000000,-0.683192,0.000000,0.000000,1.000000,0.000000,0.000000,0.683192,-0.000000,0.730239,0.000000,0.237500,0.000000,0.000000,1.000000;;
      }

      Frame Bip01_R_Foot {
       

       FrameTransformMatrix {
        0.991957,0.087164,-0.091782,0.000000,-0.093276,0.993546,-0.064539,0.000000,0.085564,0.072581,0.993685,0.000000,0.206841,0.000000,0.000000,1.000000;;
       }

       Frame Bip01_R_Toe0 {
        

        FrameTransformMatrix {
         0.000000,0.000000,1.000000,0.000000,0.000000,1.000000,-0.000000,0.000000,-1.000000,0.000000,0.000000,0.000000,0.065373,0.000000,0.066450,1.000000;;
        }
       }
      }
     }
    }
   }

   Frame Bip01_DressFront {
    

    FrameTransformMatrix {
     -0.880184,-0.088339,0.466338,0.000000,0.121847,0.907542,0.401896,0.000000,-0.458725,0.410564,-0.788041,0.000000,-0.043935,0.001339,0.061057,1.000000;;
    }

    Frame Bip01_DressFront02 {
     

     FrameTransformMatrix {
      0.912593,0.000001,0.408870,0.000000,-0.000001,1.000000,-0.000000,0.000000,-0.408870,-0.000000,0.912592,0.000000,0.183378,-0.000000,-0.000120,1.000000;;
     }
    }
   }

   Frame Bip01_DressBack {
    

    FrameTransformMatrix {
     -0.886023,0.038029,0.462080,0.000000,0.191625,0.937561,0.290274,0.000000,-0.422190,0.345735,-0.837988,0.000000,-0.047673,-0.000048,-0.078302,1.000000;;
    }

    Frame Bip01_DressBack02 {
     

     FrameTransformMatrix {
      0.936852,0.174932,-0.302833,0.000000,-0.166408,0.984581,0.053940,0.000000,0.307600,-0.000139,0.951516,0.000000,0.176125,0.000000,-0.000103,1.000000;;
     }
    }
   }
  }

  Frame Bip01_Prop1 {
   

   FrameTransformMatrix {
    -0.233929,-0.108090,0.966226,0.000000,0.687222,0.684611,0.242967,0.000000,-0.687752,0.720850,-0.085869,0.000000,0.076452,-0.048658,-0.145664,1.000000;;
   }
  }

  Frame Bip01_Prop2 {
   

   FrameTransformMatrix {
    -0.163644,-0.967062,0.194966,0.000000,0.985576,-0.168906,-0.010564,0.000000,0.043147,0.190425,0.980753,0.000000,-0.138405,-0.102098,0.114818,1.000000;;
   }
  }
 }
}

Frame Translation_Data {
 

 FrameTransformMatrix {
  -0.000000,0.000000,-1.000000,0.000000,-1.000000,-0.000000,0.000000,0.000000,-0.000000,1.000000,0.000000,0.000000,0.000000,-0.000000,0.000000,1.000000;;
 }
}

Frame Body {
 

 FrameTransformMatrix {
  1.000000,0.000000,0.000000,0.000000,0.000000,1.000000,0.000000,0.000000,0.000000,0.000000,1.000000,0.000000,0.000000,0.000000,0.000000,1.000000;;
 }

 Mesh Body {
  1451;
  0.069375;0.750848;-0.020404;,
  0.029034;0.776939;-0.010416;,
  0.033936;0.747357;-0.026398;,
  0.077400;0.730436;-0.023334;,
  0.083857;0.716323;-0.024257;,
  0.041244;0.715956;-0.043108;,
  0.050314;0.682939;-0.049722;,
  0.085267;0.683140;-0.016800;,
  0.027729;0.796995;0.027126;,
  0.068777;0.774368;0.024384;,
  0.072645;0.770485;0.055170;,
  0.041511;0.775995;0.058839;,
  0.076406;0.546034;0.034976;,
  0.037362;0.546010;0.063225;,
  0.037745;0.555336;0.055758;,
  0.069357;0.554599;0.030719;,
  0.059218;0.548557;-0.024173;,
  0.073752;0.524235;-0.002271;,
  0.028802;0.540666;-0.051540;,
  0.027315;0.486104;-0.031480;,
  0.056761;0.498153;-0.025286;,
  0.000933;0.720275;-0.049569;,
  -0.003061;0.684664;-0.060085;,
  -0.004524;0.542368;0.067319;,
  -0.005022;0.553838;0.059620;,
  0.043151;0.642551;0.070302;,
  -0.008611;0.645426;0.074196;,
  -0.010344;0.684221;0.080667;,
  0.046665;0.683320;0.079303;,
  0.041263;0.468778;-0.044175;,
  0.041493;0.386687;-0.094670;,
  0.081499;0.371594;-0.074003;,
  0.078723;0.455109;-0.014863;,
  0.036446;0.301031;-0.140508;,
  0.068906;0.283147;-0.102966;,
  -0.005833;0.465178;-0.024295;,
  0.002341;0.420818;0.057771;,
  0.008791;0.340258;-0.001446;,
  -0.003882;0.375046;-0.067782;,
  0.018863;0.271051;-0.061477;,
  0.012158;0.283907;-0.101009;,
  0.078130;0.422261;0.036607;,
  0.087318;0.342913;-0.016220;,
  0.059474;0.273207;-0.064730;,
  0.057199;0.012309;-0.155295;,
  0.013435;0.017677;-0.164290;,
  0.010638;-0.007300;-0.122436;,
  0.045056;-0.010138;-0.117701;,
  0.038324;0.236162;-0.130784;,
  0.035641;0.163061;-0.142615;,
  0.067317;0.155339;-0.117763;,
  0.072200;0.228954;-0.105975;,
  0.037074;0.086228;-0.153359;,
  0.056885;0.076054;-0.126940;,
  -0.001142;0.213958;-0.107250;,
  0.005572;0.218275;-0.052086;,
  0.009843;0.155963;-0.073009;,
  0.008454;0.155907;-0.115813;,
  0.024692;0.079973;-0.101610;,
  0.020285;0.072459;-0.136394;,
  0.077414;0.224901;-0.056977;,
  0.071572;0.154071;-0.079475;,
  0.048733;0.083836;-0.100518;,
  0.080282;0.496540;0.007067;,
  -0.014587;0.477153;-0.038357;,
  -0.013367;0.445446;-0.018880;,
  -0.005833;0.465178;-0.024295;,
  0.086745;0.500304;0.061175;,
  0.038998;0.503697;0.089295;,
  0.079622;0.440919;0.052506;,
  0.036590;0.446640;0.081103;,
  0.039365;0.596498;0.058200;,
  0.074634;0.640328;0.052612;,
  0.086329;0.645465;0.035825;,
  0.080168;0.651053;-0.017504;,
  0.060776;0.600936;-0.018538;,
  0.070243;0.596825;0.031540;,
  0.045985;0.651579;-0.053316;,
  0.036664;0.598446;-0.047023;,
  -0.010417;0.655403;-0.059852;,
  -0.012384;0.595196;-0.050030;,
  0.121527;0.695370;-0.003168;,
  0.067937;0.700239;-0.003363;,
  0.134954;0.655951;0.025655;,
  0.075637;0.647741;0.027650;,
  0.088927;0.604919;0.059955;,
  0.137022;0.611661;0.058313;,
  0.065640;0.722291;0.053385;,
  0.072667;0.682033;0.084047;,
  0.075637;0.647741;0.027650;,
  0.085702;0.634804;0.105585;,
  0.088927;0.604919;0.059955;,
  0.073494;0.728051;0.059177;,
  0.118012;0.728858;0.053531;,
  0.132054;0.690552;0.081965;,
  0.133650;0.641506;0.104020;,
  0.127547;0.712049;0.020951;,
  0.144319;0.588510;0.060815;,
  0.088021;0.577752;0.064707;,
  0.105751;0.523376;0.084977;,
  0.141122;0.532521;0.081417;,
  0.114126;0.487115;0.102116;,
  0.140164;0.486894;0.102168;,
  0.088021;0.577752;0.064707;,
  0.086408;0.603355;0.122133;,
  0.112723;0.547552;0.136366;,
  0.105751;0.523376;0.084977;,
  0.120681;0.501207;0.138542;,
  0.114126;0.487115;0.102116;,
  0.142404;0.614151;0.118393;,
  0.139794;0.554708;0.133207;,
  0.139724;0.500136;0.137549;,
  0.115262;0.365324;0.130506;,
  0.106617;0.384256;0.123387;,
  0.110356;0.412544;0.162175;,
  0.118875;0.393674;0.168693;,
  0.108954;0.405919;0.105281;,
  0.112520;0.400992;0.114706;,
  0.122380;0.397745;0.111058;,
  0.116055;0.400389;0.097859;,
  0.109375;0.466439;0.148253;,
  0.123747;0.433999;0.159959;,
  0.131142;0.426858;0.108194;,
  0.109058;0.452588;0.100503;,
  0.146870;0.471495;0.148319;,
  0.142757;0.428276;0.161947;,
  0.147436;0.457986;0.098127;,
  0.150112;0.422163;0.112011;,
  0.098280;0.765187;0.030119;,
  0.105982;0.765897;0.001249;,
  0.068777;0.774368;0.024384;,
  0.068841;0.770218;0.001013;,
  0.084372;0.685307;0.064040;,
  0.039347;0.789607;0.002055;,
  0.100605;0.748306;-0.020194;,
  0.069375;0.750848;-0.020404;,
  0.077400;0.730436;-0.023334;,
  0.097007;0.718796;-0.018208;,
  0.087398;0.731087;0.062065;,
  0.047562;0.722372;0.076855;,
  0.090389;0.735211;0.058605;,
  -0.010507;0.720641;0.075061;,
  -0.004825;0.774459;0.049020;,
  0.072645;0.770485;0.055170;,
  0.090389;0.735211;0.058605;,
  0.080449;0.709390;0.004625;,
  0.090830;0.724578;0.049050;,
  0.067937;0.700239;-0.003363;,
  0.087989;0.682357;0.032169;,
  0.082712;0.679799;-0.002587;,
  0.083857;0.716323;-0.024257;,
  0.092643;0.684758;0.048300;,
  0.109058;0.452588;0.100503;,
  0.026844;0.824259;0.019563;,
  0.037103;0.819114;-0.000622;,
  -0.001346;0.800851;0.028892;,
  0.000475;0.828078;0.026058;,
  0.150112;0.422163;0.112011;,
  0.115262;0.365324;0.130506;,
  0.118875;0.393674;0.168693;,
  0.108156;0.425264;0.100448;,
  0.128769;0.413555;0.090008;,
  0.108156;0.425264;0.100448;,
  0.117758;0.419000;0.114065;,
  0.141489;0.416454;0.108057;,
  0.141489;0.416454;0.108057;,
  0.108954;0.405919;0.105281;,
  0.116055;0.400389;0.097859;,
  0.122380;0.397745;0.111058;,
  0.076103;0.069094;-0.208493;,
  0.051189;0.088046;-0.246352;,
  0.053693;0.075602;-0.261785;,
  0.082786;0.053672;-0.224876;,
  0.008708;0.027097;-0.114927;,
  0.010638;-0.007300;-0.122436;,
  0.013435;0.017677;-0.164290;,
  0.012502;0.040527;-0.153891;,
  0.024692;0.079973;-0.101610;,
  0.048733;0.083836;-0.100518;,
  0.049760;0.026444;-0.107908;,
  0.057199;0.012309;-0.155295;,
  0.045056;-0.010138;-0.117701;,
  0.058743;0.043504;-0.139385;,
  0.037074;0.086228;-0.153359;,
  0.056885;0.076054;-0.126940;,
  0.017503;0.073308;-0.257900;,
  0.022343;0.082504;-0.242959;,
  0.082786;0.053672;-0.224876;,
  0.017503;0.073308;-0.257900;,
  -0.003882;0.375046;-0.067782;,
  0.012158;0.283907;-0.101009;,
  -0.001142;0.213958;-0.107250;,
  0.008454;0.155907;-0.115813;,
  0.020285;0.072459;-0.136394;,
  0.020285;0.072459;-0.136394;,
  -0.008968;0.441445;0.032778;,
  0.048685;0.822432;-0.022447;,
  0.040094;0.817345;-0.041444;,
  0.031164;0.810888;-0.039297;,
  0.030079;0.813401;-0.017819;,
  0.040986;0.843259;-0.000425;,
  0.033070;0.854658;0.019322;,
  0.022255;0.959317;-0.044580;,
  0.002574;0.963898;-0.044875;,
  0.002574;0.949457;-0.071001;,
  0.036491;0.889233;-0.086223;,
  0.032823;0.918117;-0.080300;,
  0.019532;0.887639;-0.092750;,
  0.054011;0.850291;-0.020888;,
  0.045973;0.837277;-0.046404;,
  0.047117;0.834400;-0.014499;,
  0.055135;0.886536;-0.006436;,
  0.055611;0.894708;-0.029567;,
  0.054895;0.930851;-0.038393;,
  0.046228;0.926323;-0.064557;,
  0.051378;0.888168;-0.055678;,
  0.041691;0.901471;0.028960;,
  0.052528;0.891644;0.009359;,
  0.002575;0.903329;0.040013;,
  0.002575;0.949635;0.023118;,
  0.035431;0.946868;0.013079;,
  0.051852;0.865653;-0.052784;,
  0.037416;0.858647;-0.075585;,
  0.036616;0.826552;-0.059399;,
  0.022077;0.801092;-0.069061;,
  0.002575;0.796856;-0.078129;,
  0.002575;0.796560;-0.056990;,
  0.028332;0.938133;-0.073122;,
  0.041936;0.949095;-0.043337;,
  0.050576;0.942655;-0.005519;,
  0.037042;0.959238;-0.015702;,
  0.002575;0.967677;-0.007664;,
  0.019809;0.965252;-0.009800;,
  0.002575;0.864060;0.031519;,
  0.050576;0.942655;-0.005519;,
  0.037042;0.959238;-0.015702;,
  0.058679;0.880850;-0.019258;,
  0.058481;0.852930;-0.021740;,
  0.065173;0.881553;-0.006007;,
  0.062039;0.899819;-0.015718;,
  0.065173;0.881553;-0.006007;,
  0.058481;0.852930;-0.021740;,
  0.062039;0.899819;-0.015718;,
  0.055611;0.894708;-0.029567;,
  0.056117;0.869993;-0.034288;,
  0.054011;0.850291;-0.020888;,
  0.037128;0.880828;-0.077405;,
  0.056117;0.869993;-0.034288;,
  0.039347;0.789607;0.002055;,
  0.037103;0.819114;-0.000622;,
  0.068841;0.770218;0.001013;,
  0.040986;0.843259;-0.000425;,
  0.002252;0.768030;-0.031967;,
  0.001400;0.744919;-0.038280;,
  -0.014798;0.538639;-0.051140;,
  -0.002888;0.501669;0.093116;,
  -0.003153;0.467473;0.095795;,
  -0.004275;0.445244;0.090029;,
  0.003854;0.797725;-0.040200;,
  -0.008968;0.441445;0.032778;,
  0.019809;0.965252;-0.009800;,
  0.002575;0.967677;-0.007664;,
  0.022694;0.832146;-0.076746;,
  0.015156;0.854290;-0.085386;,
  0.015348;0.844649;-0.084908;,
  0.002574;0.939092;-0.082514;,
  0.002574;0.916347;-0.093919;,
  0.017449;0.879429;-0.082862;,
  -0.007850;0.597117;0.062091;,
  0.068841;0.770218;0.001013;,
  0.053693;0.075602;-0.261785;,
  0.022099;0.825600;-0.076023;,
  0.014431;0.823057;-0.082810;,
  0.014247;0.828113;-0.079566;,
  0.002574;0.851140;-0.099792;,
  0.002574;0.843307;-0.089825;,
  0.013994;0.831685;-0.084651;,
  0.002574;0.828375;-0.080103;,
  0.002574;0.821215;-0.085424;,
  0.002574;0.886044;-0.099277;,
  0.002574;0.876955;-0.094716;,
  0.090830;0.724578;0.049050;,
  0.002574;0.831498;-0.088381;,
  0.074621;0.713339;0.020557;,
  0.080449;0.709390;0.004625;,
  0.083857;0.716323;-0.024257;,
  0.052528;0.891644;0.009359;,
  0.038324;0.236162;-0.130784;,
  -0.005092;0.231743;-0.120130;,
  0.007975;0.155792;-0.125648;,
  0.035641;0.163061;-0.142615;,
  0.036446;0.301031;-0.140508;,
  -0.006212;0.290826;-0.124953;,
  0.041493;0.386687;-0.094670;,
  -0.009781;0.374853;-0.081925;,
  0.041263;0.468778;-0.044175;,
  -0.006720;0.457236;-0.048821;,
  0.027315;0.486104;-0.031480;,
  0.010438;0.084294;-0.133004;,
  0.037074;0.086228;-0.153359;,
  0.018522;0.148029;-0.050556;,
  0.020553;0.080679;-0.067608;,
  0.014715;0.123627;-0.011451;,
  0.010236;0.183172;0.010075;,
  0.004623;0.241076;0.025971;,
  0.011094;0.213767;-0.039304;,
  0.003847;0.290841;0.049166;,
  0.014146;0.259766;-0.032995;,
  0.008899;0.333985;0.012136;,
  -0.002960;0.364531;0.066381;,
  -0.002634;0.440406;0.098106;,
  0.074621;0.713339;0.020557;,
  -0.067083;0.764218;-0.033157;,
  -0.078475;0.744598;-0.037861;,
  -0.032218;0.751397;-0.032483;,
  -0.026763;0.780289;-0.015576;,
  -0.085259;0.728280;-0.040008;,
  -0.095019;0.692300;-0.026299;,
  -0.057099;0.688397;-0.055381;,
  -0.040103;0.720924;-0.050589;,
  -0.029990;0.800430;0.021774;,
  -0.051645;0.781685;0.050271;,
  -0.081796;0.780370;0.041675;,
  -0.070414;0.787440;0.013501;,
  -0.089657;0.548442;0.049304;,
  -0.083198;0.556812;0.043881;,
  -0.047757;0.556576;0.063135;,
  -0.046370;0.547225;0.070449;,
  -0.082786;0.550617;-0.011921;,
  -0.094049;0.526669;0.012206;,
  -0.057746;0.541921;-0.044073;,
  -0.082238;0.498554;-0.014178;,
  -0.054418;0.487289;-0.024428;,
  -0.005022;0.553838;0.059620;,
  -0.004524;0.542368;0.067319;,
  -0.060452;0.646463;0.070017;,
  -0.066681;0.689079;0.073331;,
  -0.010344;0.684221;0.080667;,
  -0.008611;0.645426;0.074196;,
  -0.068777;0.448726;-0.021331;,
  -0.099639;0.449728;0.018719;,
  -0.103950;0.348706;0.016775;,
  -0.069062;0.350315;-0.015408;,
  -0.088929;0.258076;0.035300;,
  -0.063888;0.246240;-0.007583;,
  -0.017837;0.453391;-0.005175;,
  -0.019224;0.353837;0.005116;,
  -0.018419;0.358895;0.080912;,
  -0.010993;0.439630;0.082823;,
  -0.032808;0.258490;0.026694;,
  -0.032646;0.274547;0.063502;,
  -0.098243;0.354430;0.081039;,
  -0.088664;0.438125;0.078383;,
  -0.073316;0.274999;0.066672;,
  -0.059908;0.083120;0.241513;,
  -0.049738;0.117976;0.268831;,
  -0.015107;0.114856;0.266369;,
  -0.015720;0.076427;0.236265;,
  -0.057288;0.207350;0.052313;,
  -0.086821;0.224895;0.077513;,
  -0.075607;0.172760;0.129841;,
  -0.048305;0.155566;0.104551;,
  -0.058603;0.119626;0.185208;,
  -0.041198;0.099583;0.163161;,
  -0.013037;0.212189;0.077271;,
  -0.017366;0.172234;0.121090;,
  -0.013377;0.207312;0.145334;,
  -0.013207;0.260039;0.105856;,
  -0.022384;0.110772;0.185253;,
  -0.025044;0.143416;0.190577;,
  -0.074870;0.203504;0.153077;,
  -0.085389;0.262833;0.109184;,
  -0.049316;0.146715;0.189248;,
  -0.099679;0.499150;0.022593;,
  -0.017837;0.453391;-0.005175;,
  -0.044734;0.504912;0.096519;,
  -0.096669;0.502964;0.076999;,
  -0.042919;0.459462;0.098461;,
  -0.089677;0.452475;0.081352;,
  -0.055188;0.599056;0.061815;,
  -0.092004;0.646621;0.052154;,
  -0.103168;0.652621;0.035304;,
  -0.088017;0.601107;0.037590;,
  -0.082312;0.604808;-0.013068;,
  -0.096444;0.657722;-0.017989;,
  -0.060745;0.601082;-0.043299;,
  -0.062280;0.655668;-0.053614;,
  -0.129149;0.735087;-0.040226;,
  -0.147749;0.688151;-0.036227;,
  -0.075488;0.733681;-0.036463;,
  -0.155542;0.634780;-0.030889;,
  -0.108340;0.623271;-0.031682;,
  -0.089570;0.673861;-0.037181;,
  -0.075880;0.723280;0.023567;,
  -0.089570;0.673861;-0.037181;,
  -0.088325;0.674014;0.028878;,
  -0.108340;0.623271;-0.031682;,
  -0.106806;0.623182;0.022777;,
  -0.083691;0.726067;0.031289;,
  -0.146544;0.688618;0.029916;,
  -0.127447;0.734341;0.025692;,
  -0.153876;0.634587;0.023618;,
  -0.135708;0.737640;-0.011129;,
  -0.164216;0.616332;-0.042359;,
  -0.166335;0.558684;-0.057903;,
  -0.132054;0.545606;-0.059012;,
  -0.109260;0.599622;-0.043367;,
  -0.170035;0.509726;-0.067243;,
  -0.144007;0.508039;-0.065517;,
  -0.109260;0.599622;-0.043367;,
  -0.132054;0.545606;-0.059012;,
  -0.142042;0.536484;-0.003415;,
  -0.111149;0.587395;0.018367;,
  -0.144007;0.508039;-0.065517;,
  -0.153378;0.496764;-0.029135;,
  -0.168231;0.546870;-0.002830;,
  -0.165810;0.604032;0.019519;,
  -0.171997;0.499711;-0.030982;,
  -0.135469;0.416882;-0.125531;,
  -0.150866;0.407812;-0.081308;,
  -0.150717;0.427181;-0.071511;,
  -0.135222;0.436747;-0.116088;,
  -0.135448;0.453861;-0.108035;,
  -0.138094;0.452960;-0.119361;,
  -0.146870;0.442711;-0.113104;,
  -0.139939;0.444145;-0.104679;,
  -0.144640;0.461598;-0.047773;,
  -0.139014;0.487453;-0.089867;,
  -0.162208;0.466660;-0.105313;,
  -0.160734;0.432620;-0.065011;,
  -0.179928;0.429134;-0.069201;,
  -0.181815;0.468510;-0.046474;,
  -0.176780;0.496477;-0.090000;,
  -0.181558;0.462513;-0.107519;,
  -0.099434;0.789203;0.011485;,
  -0.101219;0.791213;-0.018273;,
  -0.065938;0.784226;-0.011605;,
  -0.070414;0.787440;0.013501;,
  -0.102183;0.694786;0.054211;,
  -0.037627;0.794162;-0.005097;,
  -0.096933;0.773095;-0.038455;,
  -0.101201;0.749350;-0.038966;,
  -0.078475;0.744598;-0.037861;,
  -0.067083;0.764218;-0.033157;,
  -0.102074;0.741494;0.044382;,
  -0.103829;0.745834;0.040454;,
  -0.067296;0.729387;0.066292;,
  -0.010507;0.720641;0.075061;,
  -0.004825;0.774459;0.049020;,
  -0.081796;0.780370;0.041675;,
  -0.103829;0.745834;0.040454;,
  -0.089011;0.722306;-0.011252;,
  -0.075488;0.733681;-0.036463;,
  -0.104443;0.737449;0.030396;,
  -0.094324;0.688794;-0.011915;,
  -0.102821;0.692052;0.022115;,
  -0.085259;0.728280;-0.040008;,
  -0.108809;0.694994;0.037686;,
  -0.139014;0.487453;-0.089867;,
  -0.033069;0.820469;-0.004650;,
  -0.025069;0.825261;0.016583;,
  0.000475;0.828078;0.026058;,
  -0.001346;0.800851;0.028892;,
  -0.181558;0.462513;-0.107519;,
  -0.135469;0.416882;-0.125531;,
  -0.150866;0.407812;-0.081308;,
  -0.151328;0.467073;-0.124081;,
  -0.139132;0.472482;-0.101878;,
  -0.139132;0.472482;-0.101878;,
  -0.149920;0.458752;-0.098421;,
  -0.168985;0.458019;-0.113970;,
  -0.168985;0.458019;-0.113970;,
  -0.138094;0.452960;-0.119361;,
  -0.135448;0.453861;-0.108035;,
  -0.146870;0.442711;-0.113104;,
  -0.075447;0.036902;0.177996;,
  -0.081846;0.018473;0.191048;,
  -0.050860;-0.014314;0.165465;,
  -0.048668;0.002649;0.155133;,
  -0.012682;0.126721;0.233254;,
  -0.014666;0.089661;0.214937;,
  -0.015720;0.076427;0.236265;,
  -0.015107;0.114856;0.266369;,
  -0.025044;0.143416;0.190577;,
  -0.053978;0.132148;0.233653;,
  -0.049316;0.146715;0.189248;,
  -0.059908;0.083120;0.241513;,
  -0.061350;0.102785;0.212533;,
  -0.049738;0.117976;0.268831;,
  -0.041198;0.099583;0.163161;,
  -0.058603;0.119626;0.185208;,
  -0.020108;0.006329;0.161849;,
  -0.014908;-0.009475;0.169224;,
  -0.014908;-0.009475;0.169224;,
  -0.081846;0.018473;0.191048;,
  -0.019224;0.353837;0.005116;,
  -0.032808;0.258490;0.026694;,
  -0.013037;0.212189;0.077271;,
  -0.017366;0.172234;0.121090;,
  -0.022384;0.110772;0.185253;,
  -0.022384;0.110772;0.185253;,
  -0.043535;0.822432;-0.022447;,
  -0.024278;0.814450;-0.020940;,
  -0.026014;0.810888;-0.039297;,
  -0.034944;0.817345;-0.041444;,
  -0.035836;0.843259;-0.000425;,
  -0.027920;0.854658;0.019322;,
  -0.017107;0.959317;-0.044580;,
  0.002574;0.963898;-0.044875;,
  -0.031343;0.889233;-0.086223;,
  -0.014384;0.887639;-0.092750;,
  -0.027675;0.918117;-0.080300;,
  -0.040823;0.837277;-0.046404;,
  -0.048861;0.850291;-0.020888;,
  -0.041967;0.834399;-0.014499;,
  -0.049985;0.886536;-0.006436;,
  -0.050461;0.894708;-0.029567;,
  -0.046228;0.888168;-0.055678;,
  -0.041080;0.926323;-0.064557;,
  -0.049745;0.930851;-0.038393;,
  -0.047378;0.891644;0.009359;,
  -0.036541;0.901471;0.028960;,
  0.002575;0.903329;0.040013;,
  -0.030281;0.946868;0.013079;,
  0.002575;0.949635;0.023118;,
  -0.046702;0.865653;-0.052784;,
  -0.031466;0.826552;-0.059399;,
  -0.032268;0.858647;-0.075585;,
  -0.016927;0.801092;-0.069061;,
  -0.023184;0.938133;-0.073122;,
  -0.036786;0.949094;-0.043337;,
  -0.031892;0.959238;-0.015702;,
  -0.045426;0.942655;-0.005519;,
  -0.014659;0.965252;-0.009800;,
  0.002575;0.967677;-0.007664;,
  0.002575;0.864060;0.031519;,
  -0.045426;0.942655;-0.005519;,
  -0.031892;0.959238;-0.015702;,
  -0.059853;0.881553;-0.006007;,
  -0.053234;0.852930;-0.021740;,
  -0.053529;0.880850;-0.019258;,
  -0.056706;0.899819;-0.015718;,
  -0.053234;0.852930;-0.021740;,
  -0.059853;0.881553;-0.006007;,
  -0.056706;0.899819;-0.015718;,
  -0.050461;0.894708;-0.029567;,
  -0.050967;0.869993;-0.034288;,
  -0.048861;0.850291;-0.020888;,
  -0.031980;0.880828;-0.077405;,
  -0.050967;0.869993;-0.034288;,
  -0.033069;0.820469;-0.004650;,
  -0.037627;0.794162;-0.005097;,
  -0.065938;0.784226;-0.011605;,
  -0.035836;0.843259;-0.000425;,
  -0.002888;0.501669;0.093116;,
  -0.003153;0.467473;0.095795;,
  -0.004275;0.445244;0.090029;,
  -0.008968;0.441445;0.032778;,
  -0.014659;0.965252;-0.009800;,
  0.002575;0.967677;-0.007664;,
  -0.017544;0.832146;-0.076746;,
  -0.010200;0.844649;-0.084908;,
  -0.010008;0.854290;-0.085386;,
  -0.012301;0.879429;-0.082862;,
  -0.007850;0.597117;0.062091;,
  -0.065938;0.784226;-0.011605;,
  -0.050860;-0.014314;0.165465;,
  -0.009283;0.823057;-0.082810;,
  -0.016949;0.825600;-0.076023;,
  -0.009097;0.828113;-0.079566;,
  -0.008846;0.831685;-0.084651;,
  -0.104443;0.737449;0.030396;,
  -0.085325;0.725183;0.005606;,
  -0.089011;0.722306;-0.011252;,
  -0.085259;0.728280;-0.040008;,
  -0.047378;0.891644;0.009359;,
  -0.030515;0.204275;-0.018194;,
  -0.029583;0.138844;0.016151;,
  -0.017541;0.146202;-0.068242;,
  -0.021998;0.220138;-0.075706;,
  -0.039831;0.258358;-0.041372;,
  -0.026420;0.273971;-0.083276;,
  -0.026480;0.352127;-0.036130;,
  -0.019066;0.356493;-0.059660;,
  -0.021025;0.439563;-0.034027;,
  -0.013500;0.438740;-0.040767;,
  -0.014587;0.477153;-0.038357;,
  -0.054418;0.487289;-0.024428;,
  -0.024419;0.075622;0.043006;,
  -0.015068;0.082741;-0.065269;,
  -0.002128;0.158624;0.191012;,
  -0.049302;0.146717;0.189248;,
  -0.074870;0.203504;0.153077;,
  -0.012151;0.213089;0.148491;,
  -0.085389;0.262833;0.109184;,
  -0.019934;0.266793;0.120341;,
  -0.022855;0.287392;0.092381;,
  -0.073316;0.274999;0.066672;,
  -0.098243;0.354430;0.081039;,
  -0.015428;0.360008;0.098121;,
  -0.003153;0.467473;0.095795;,
  -0.042919;0.459462;0.098461;,
  -0.085325;0.725183;0.005606;,
  -0.068777;0.448726;-0.021331;,
  -0.069062;0.350315;-0.015408;,
  -0.063888;0.246240;-0.007583;,
  -0.057288;0.207350;0.052313;,
  -0.048305;0.155566;0.104551;,
  -0.041198;0.099583;0.163161;,
  0.078130;0.422261;0.036607;,
  0.087318;0.342913;-0.016220;,
  0.036590;0.446640;0.081103;,
  0.059474;0.273207;-0.064730;,
  0.077414;0.224901;-0.056977;,
  0.071572;0.154071;-0.079475;,
  0.048733;0.083836;-0.100518;,
  -0.088664;0.438125;0.078383;,
  0.069375;0.750848;-0.020404;,
  0.069375;0.750848;-0.020404;,
  0.029034;0.776939;-0.010416;,
  0.029034;0.776939;-0.010416;,
  0.029034;0.776939;-0.010416;,
  0.029034;0.776939;-0.010416;,
  0.029034;0.776939;-0.010416;,
  0.029034;0.776939;-0.010416;,
  0.077400;0.730436;-0.023334;,
  0.077400;0.730436;-0.023334;,
  0.083857;0.716323;-0.024257;,
  0.083857;0.716323;-0.024257;,
  0.083857;0.716323;-0.024257;,
  0.050314;0.682939;-0.049722;,
  0.050314;0.682939;-0.049722;,
  0.050314;0.682939;-0.049722;,
  0.050314;0.682939;-0.049722;,
  0.050314;0.682939;-0.049722;,
  0.085267;0.683140;-0.016800;,
  0.085267;0.683140;-0.016800;,
  0.085267;0.683140;-0.016800;,
  0.085267;0.683140;-0.016800;,
  0.085267;0.683140;-0.016800;,
  0.027729;0.796995;0.027126;,
  0.027729;0.796995;0.027126;,
  0.027729;0.796995;0.027126;,
  0.027729;0.796995;0.027126;,
  0.027729;0.796995;0.027126;,
  0.027729;0.796995;0.027126;,
  0.068777;0.774368;0.024384;,
  0.068777;0.774368;0.024384;,
  0.072645;0.770485;0.055170;,
  0.072645;0.770485;0.055170;,
  0.072645;0.770485;0.055170;,
  0.037745;0.555336;0.055758;,
  0.037745;0.555336;0.055758;,
  0.037745;0.555336;0.055758;,
  0.037745;0.555336;0.055758;,
  0.037745;0.555336;0.055758;,
  0.069357;0.554599;0.030719;,
  0.069357;0.554599;0.030719;,
  0.069357;0.554599;0.030719;,
  0.069357;0.554599;0.030719;,
  0.069357;0.554599;0.030719;,
  0.059218;0.548557;-0.024173;,
  0.059218;0.548557;-0.024173;,
  0.059218;0.548557;-0.024173;,
  0.059218;0.548557;-0.024173;,
  0.059218;0.548557;-0.024173;,
  0.059218;0.548557;-0.024173;,
  0.028802;0.540666;-0.051540;,
  0.028802;0.540666;-0.051540;,
  0.028802;0.540666;-0.051540;,
  0.028802;0.540666;-0.051540;,
  0.028802;0.540666;-0.051540;,
  0.056761;0.498153;-0.025286;,
  0.056761;0.498153;-0.025286;,
  0.056761;0.498153;-0.025286;,
  0.056761;0.498153;-0.025286;,
  0.056761;0.498153;-0.025286;,
  0.056761;0.498153;-0.025286;,
  -0.003061;0.684664;-0.060085;,
  -0.003061;0.684664;-0.060085;,
  -0.003061;0.684664;-0.060085;,
  -0.003061;0.684664;-0.060085;,
  -0.003061;0.684664;-0.060085;,
  -0.005022;0.553838;0.059620;,
  -0.005022;0.553838;0.059620;,
  0.043151;0.642551;0.070302;,
  0.043151;0.642551;0.070302;,
  0.043151;0.642551;0.070302;,
  0.043151;0.642551;0.070302;,
  -0.008611;0.645426;0.074196;,
  -0.008611;0.645426;0.074196;,
  -0.010344;0.684221;0.080667;,
  -0.010344;0.684221;0.080667;,
  0.046665;0.683320;0.079303;,
  0.046665;0.683320;0.079303;,
  0.046665;0.683320;0.079303;,
  0.046665;0.683320;0.079303;,
  0.046665;0.683320;0.079303;,
  0.041263;0.468778;-0.044175;,
  0.041263;0.468778;-0.044175;,
  0.041263;0.468778;-0.044175;,
  0.041263;0.468778;-0.044175;,
  0.041263;0.468778;-0.044175;,
  0.041263;0.468778;-0.044175;,
  0.078723;0.455109;-0.014863;,
  0.078723;0.455109;-0.014863;,
  0.078723;0.455109;-0.014863;,
  0.078723;0.455109;-0.014863;,
  0.078723;0.455109;-0.014863;,
  0.078723;0.455109;-0.014863;,
  0.036446;0.301031;-0.140508;,
  0.036446;0.301031;-0.140508;,
  0.036446;0.301031;-0.140508;,
  0.036446;0.301031;-0.140508;,
  0.036446;0.301031;-0.140508;,
  0.068906;0.283147;-0.102966;,
  0.068906;0.283147;-0.102966;,
  0.068906;0.283147;-0.102966;,
  0.068906;0.283147;-0.102966;,
  0.068906;0.283147;-0.102966;,
  0.002341;0.420818;0.057771;,
  0.002341;0.420818;0.057771;,
  0.002341;0.420818;0.057771;,
  0.002341;0.420818;0.057771;,
  0.002341;0.420818;0.057771;,
  0.002341;0.420818;0.057771;,
  0.002341;0.420818;0.057771;,
  0.018863;0.271051;-0.061477;,
  0.018863;0.271051;-0.061477;,
  0.018863;0.271051;-0.061477;,
  0.018863;0.271051;-0.061477;,
  0.018863;0.271051;-0.061477;,
  0.012158;0.283907;-0.101009;,
  0.078130;0.422261;0.036607;,
  0.078130;0.422261;0.036607;,
  0.078130;0.422261;0.036607;,
  0.078130;0.422261;0.036607;,
  0.078130;0.422261;0.036607;,
  0.059474;0.273207;-0.064730;,
  0.059474;0.273207;-0.064730;,
  0.059474;0.273207;-0.064730;,
  0.059474;0.273207;-0.064730;,
  0.059474;0.273207;-0.064730;,
  0.059474;0.273207;-0.064730;,
  0.037074;0.086228;-0.153359;,
  0.037074;0.086228;-0.153359;,
  0.056885;0.076054;-0.126940;,
  0.056885;0.076054;-0.126940;,
  0.056885;0.076054;-0.126940;,
  0.024692;0.079973;-0.101610;,
  0.024692;0.079973;-0.101610;,
  0.048733;0.083836;-0.100518;,
  0.048733;0.083836;-0.100518;,
  0.079622;0.440919;0.052506;,
  0.079622;0.440919;0.052506;,
  0.079622;0.440919;0.052506;,
  0.079622;0.440919;0.052506;,
  0.036590;0.446640;0.081103;,
  0.036590;0.446640;0.081103;,
  0.036590;0.446640;0.081103;,
  0.036590;0.446640;0.081103;,
  0.039365;0.596498;0.058200;,
  0.039365;0.596498;0.058200;,
  0.039365;0.596498;0.058200;,
  0.039365;0.596498;0.058200;,
  0.039365;0.596498;0.058200;,
  0.039365;0.596498;0.058200;,
  0.074634;0.640328;0.052612;,
  0.074634;0.640328;0.052612;,
  0.074634;0.640328;0.052612;,
  0.074634;0.640328;0.052612;,
  0.074634;0.640328;0.052612;,
  0.086329;0.645465;0.035825;,
  0.086329;0.645465;0.035825;,
  0.086329;0.645465;0.035825;,
  0.086329;0.645465;0.035825;,
  0.086329;0.645465;0.035825;,
  0.086329;0.645465;0.035825;,
  0.080168;0.651053;-0.017504;,
  0.080168;0.651053;-0.017504;,
  0.080168;0.651053;-0.017504;,
  0.080168;0.651053;-0.017504;,
  0.080168;0.651053;-0.017504;,
  0.060776;0.600936;-0.018538;,
  0.060776;0.600936;-0.018538;,
  0.060776;0.600936;-0.018538;,
  0.060776;0.600936;-0.018538;,
  0.060776;0.600936;-0.018538;,
  0.060776;0.600936;-0.018538;,
  0.070243;0.596825;0.031540;,
  0.070243;0.596825;0.031540;,
  0.070243;0.596825;0.031540;,
  0.070243;0.596825;0.031540;,
  0.045985;0.651579;-0.053316;,
  0.045985;0.651579;-0.053316;,
  0.045985;0.651579;-0.053316;,
  0.045985;0.651579;-0.053316;,
  0.045985;0.651579;-0.053316;,
  0.036664;0.598446;-0.047023;,
  0.036664;0.598446;-0.047023;,
  0.036664;0.598446;-0.047023;,
  0.036664;0.598446;-0.047023;,
  0.036664;0.598446;-0.047023;,
  -0.010417;0.655403;-0.059852;,
  -0.010417;0.655403;-0.059852;,
  -0.010417;0.655403;-0.059852;,
  -0.010417;0.655403;-0.059852;,
  -0.010417;0.655403;-0.059852;,
  -0.010417;0.655403;-0.059852;,
  -0.010417;0.655403;-0.059852;,
  -0.012384;0.595196;-0.050030;,
  -0.012384;0.595196;-0.050030;,
  -0.012384;0.595196;-0.050030;,
  -0.012384;0.595196;-0.050030;,
  -0.012384;0.595196;-0.050030;,
  0.088927;0.604919;0.059955;,
  0.088927;0.604919;0.059955;,
  0.137022;0.611661;0.058313;,
  0.137022;0.611661;0.058313;,
  0.137022;0.611661;0.058313;,
  0.137022;0.611661;0.058313;,
  0.137022;0.611661;0.058313;,
  0.085702;0.634804;0.105585;,
  0.085702;0.634804;0.105585;,
  0.085702;0.634804;0.105585;,
  0.085702;0.634804;0.105585;,
  0.085702;0.634804;0.105585;,
  0.088927;0.604919;0.059955;,
  0.133650;0.641506;0.104020;,
  0.133650;0.641506;0.104020;,
  0.133650;0.641506;0.104020;,
  0.133650;0.641506;0.104020;,
  0.133650;0.641506;0.104020;,
  0.133650;0.641506;0.104020;,
  0.114126;0.487115;0.102116;,
  0.114126;0.487115;0.102116;,
  0.140164;0.486894;0.102168;,
  0.140164;0.486894;0.102168;,
  0.140164;0.486894;0.102168;,
  0.140164;0.486894;0.102168;,
  0.140164;0.486894;0.102168;,
  0.140164;0.486894;0.102168;,
  0.086408;0.603355;0.122133;,
  0.086408;0.603355;0.122133;,
  0.086408;0.603355;0.122133;,
  0.086408;0.603355;0.122133;,
  0.086408;0.603355;0.122133;,
  0.120681;0.501207;0.138542;,
  0.120681;0.501207;0.138542;,
  0.120681;0.501207;0.138542;,
  0.120681;0.501207;0.138542;,
  0.114126;0.487115;0.102116;,
  0.114126;0.487115;0.102116;,
  0.142404;0.614151;0.118393;,
  0.142404;0.614151;0.118393;,
  0.142404;0.614151;0.118393;,
  0.142404;0.614151;0.118393;,
  0.139724;0.500136;0.137549;,
  0.139724;0.500136;0.137549;,
  0.139724;0.500136;0.137549;,
  0.139724;0.500136;0.137549;,
  0.139724;0.500136;0.137549;,
  0.098280;0.765187;0.030119;,
  0.098280;0.765187;0.030119;,
  0.098280;0.765187;0.030119;,
  0.098280;0.765187;0.030119;,
  0.105982;0.765897;0.001249;,
  0.105982;0.765897;0.001249;,
  0.105982;0.765897;0.001249;,
  0.105982;0.765897;0.001249;,
  0.105982;0.765897;0.001249;,
  0.068777;0.774368;0.024384;,
  0.068777;0.774368;0.024384;,
  0.068841;0.770218;0.001013;,
  0.084372;0.685307;0.064040;,
  0.084372;0.685307;0.064040;,
  0.084372;0.685307;0.064040;,
  0.084372;0.685307;0.064040;,
  0.084372;0.685307;0.064040;,
  0.084372;0.685307;0.064040;,
  0.039347;0.789607;0.002055;,
  0.039347;0.789607;0.002055;,
  0.100605;0.748306;-0.020194;,
  0.100605;0.748306;-0.020194;,
  0.100605;0.748306;-0.020194;,
  0.100605;0.748306;-0.020194;,
  0.100605;0.748306;-0.020194;,
  0.069375;0.750848;-0.020404;,
  0.069375;0.750848;-0.020404;,
  0.077400;0.730436;-0.023334;,
  0.077400;0.730436;-0.023334;,
  0.097007;0.718796;-0.018208;,
  0.097007;0.718796;-0.018208;,
  0.097007;0.718796;-0.018208;,
  0.097007;0.718796;-0.018208;,
  0.087398;0.731087;0.062065;,
  0.087398;0.731087;0.062065;,
  0.087398;0.731087;0.062065;,
  0.087398;0.731087;0.062065;,
  0.087398;0.731087;0.062065;,
  0.090389;0.735211;0.058605;,
  0.072645;0.770485;0.055170;,
  0.072645;0.770485;0.055170;,
  0.090389;0.735211;0.058605;,
  0.090389;0.735211;0.058605;,
  0.080449;0.709390;0.004625;,
  0.080449;0.709390;0.004625;,
  0.080449;0.709390;0.004625;,
  0.090830;0.724578;0.049050;,
  0.090830;0.724578;0.049050;,
  0.090830;0.724578;0.049050;,
  0.087989;0.682357;0.032169;,
  0.087989;0.682357;0.032169;,
  0.087989;0.682357;0.032169;,
  0.087989;0.682357;0.032169;,
  0.087989;0.682357;0.032169;,
  0.082712;0.679799;-0.002587;,
  0.082712;0.679799;-0.002587;,
  0.082712;0.679799;-0.002587;,
  0.082712;0.679799;-0.002587;,
  0.092643;0.684758;0.048300;,
  0.092643;0.684758;0.048300;,
  0.092643;0.684758;0.048300;,
  0.026844;0.824259;0.019563;,
  0.026844;0.824259;0.019563;,
  0.026844;0.824259;0.019563;,
  0.026844;0.824259;0.019563;,
  0.026844;0.824259;0.019563;,
  0.037103;0.819114;-0.000622;,
  0.037103;0.819114;-0.000622;,
  -0.001346;0.800851;0.028892;,
  -0.001346;0.800851;0.028892;,
  -0.001346;0.800851;0.028892;,
  0.000475;0.828078;0.026058;,
  0.000475;0.828078;0.026058;,
  0.024692;0.079973;-0.101610;,
  0.024692;0.079973;-0.101610;,
  0.048733;0.083836;-0.100518;,
  0.048733;0.083836;-0.100518;,
  0.037074;0.086228;-0.153359;,
  0.037074;0.086228;-0.153359;,
  0.056885;0.076054;-0.126940;,
  0.056885;0.076054;-0.126940;,
  0.012158;0.283907;-0.101009;,
  0.012158;0.283907;-0.101009;,
  0.039347;0.789607;0.002055;,
  0.039347;0.789607;0.002055;,
  0.037103;0.819114;-0.000622;,
  0.037103;0.819114;-0.000622;,
  0.002252;0.768030;-0.031967;,
  0.002252;0.768030;-0.031967;,
  0.002252;0.768030;-0.031967;,
  0.002252;0.768030;-0.031967;,
  0.002252;0.768030;-0.031967;,
