xof 0303txt 0032
template XSkinMeshHeader {
 <3cf169ce-ff7c-44ab-93c0-f78f62d172e2>
 WORD nMaxSkinWeightsPerVertex;
 WORD nMaxSkinWeightsPerFace;
 WORD nBones;
}

template VertexDuplicationIndices {
 <b8d65549-d7c9-4995-89cf-53a9a8b031e3>
 DWORD nIndices;
 DWORD nOriginalVertices;
 array DWORD indices[nIndices];
}

template SkinWeights {
 <6f0d123b-bad2-4167-a0d0-80224f25fabb>
 STRING transformNodeName;
 DWORD nWeights;
 array DWORD vertexIndices[nWeights];
 array FLOAT weights[nWeights];
 Matrix4x4 matrixOffset;
}

template AnimTicksPerSecond {
 <9e415a43-7ba6-4a73-8743-b73d47e88476>
 DWORD AnimTicksPerSecond;
}

template VertexElement {
 <f752461c-1e23-48f6-b9f8-8350850f336f>
 DWORD Type;
 DWORD Method;
 DWORD Usage;
 DWORD UsageIndex;
}

template DeclData {
 <bf22e553-292c-4781-9fea-62bd554bdd93>
 DWORD nElements;
 array VertexElement Elements[nElements];
 DWORD nDWords;
 array DWORD data[nDWords];
}


AnimTicksPerSecond {
 4800;
}

Frame Dummy01 {
 

 FrameTransformMatrix {
  1.000000,0.000000,0.000000,0.000000,0.000000,-0.000000,-1.000000,0.000000,0.000000,1.000000,-0.000000,0.000000,0.000000,0.000000,0.000000,1.000000;;
 }

 Frame Bip01 {
  

  FrameTransformMatrix {
   -0.489722,0.856106,0.165091,0.000000,0.089573,-0.138947,0.986241,0.000000,0.867265,0.497771,-0.008639,0.000000,0.001703,-0.010862,0.491068,1.000000;;
  }

  Frame Bip01_Pelvis {
   

   FrameTransformMatrix {
    0.000000,0.996195,-0.087157,0.000000,-0.000001,0.087157,0.996195,0.000000,1.000000,0.000000,0.000001,0.000000,0.000000,0.000000,0.000000,1.000000;;
   }

   Frame Bip01_Spine {
    

    FrameTransformMatrix {
     0.978965,0.093084,0.181555,0.000000,-0.106937,0.991935,0.068046,0.000000,-0.173757,-0.086030,0.981024,0.000000,0.051452,0.004508,-0.000083,1.000000;;
    }

    Frame Bip01_Spine1 {
     

     FrameTransformMatrix {
      0.983954,0.064265,0.166449,0.000000,-0.043008,0.990802,-0.128304,0.000000,-0.173164,0.119087,0.977667,0.000000,0.106495,-0.000010,-0.000083,1.000000;;
     }

     Frame Bip01_Neck {
      

      FrameTransformMatrix {
       1.000000,0.000000,-0.000000,0.000000,-0.000000,1.000000,-0.000000,0.000000,0.000000,-0.000000,1.000000,0.000000,0.130504,0.000000,0.004625,1.000000;;
      }

      Frame Bip01_Head {
       

       FrameTransformMatrix {
        0.990674,-0.061064,-0.121803,0.000000,0.011502,0.928240,-0.371804,0.000000,0.135767,0.366936,0.920286,0.000000,0.033674,0.000000,-0.000000,1.000000;;
       }

       Frame Bip01_HeadNub {
        

        FrameTransformMatrix {
         1.000000,0.000000,0.000000,0.000000,-0.000000,1.000000,0.000000,0.000000,0.000000,-0.000000,1.000000,0.000000,0.169824,0.000000,0.000000,1.000000;;
        }
       }
      }

      Frame Bip01_L_Clavicle {
       

       FrameTransformMatrix {
        -0.167226,0.985870,0.009800,0.000000,0.985918,0.167226,0.000855,0.000000,-0.000796,0.009805,-0.999952,0.000000,-0.024025,0.015714,-0.004625,1.000000;;
       }

       Frame Bip01_L_UpperArm {
        

        FrameTransformMatrix {
         0.574455,-0.783123,0.238159,0.000000,0.816781,0.567469,-0.104157,0.000000,-0.053580,0.254357,0.965625,0.000000,0.087086,0.000000,0.000000,1.000000;;
        }

        Frame Bip01_L_Forearm {
         

         FrameTransformMatrix {
          0.470767,-0.000000,-0.882258,0.000000,0.000000,1.000000,-0.000000,0.000000,0.882258,0.000000,0.470767,0.000000,0.137062,0.000000,0.000000,1.000000;;
         }

         Frame Bip01_L_Hand {
          

          FrameTransformMatrix {
           0.925928,0.317637,-0.204365,0.000000,0.120819,0.263561,0.957047,0.000000,0.357856,-0.910847,0.205662,0.000000,0.137062,-0.000000,0.000000,1.000000;;
          }

          Frame Bip01_L_Finger0 {
           

           FrameTransformMatrix {
            0.601558,-0.502847,0.620703,0.000000,0.696822,0.710248,-0.099940,0.000000,-0.390599,0.492640,0.777650,0.000000,0.057681,-0.023605,-0.000272,1.000000;;
           }

           Frame Bip01_L_Finger0Nub {
            

            FrameTransformMatrix {
             1.000000,-0.000000,-0.000000,0.000000,0.000000,1.000000,-0.000000,0.000000,-0.000000,-0.000000,1.000000,0.000000,0.029435,0.000000,0.000000,1.000000;;
            }
           }
          }

          Frame Bip01_L_Finger1 {
           

           FrameTransformMatrix {
            0.879300,-0.000379,0.476267,0.000000,0.000000,1.000000,0.000796,0.000000,-0.476267,-0.000700,0.879300,0.000000,0.084102,-0.000000,0.000000,1.000000;;
           }

           Frame Bip01_L_Finger1Nub {
            

            FrameTransformMatrix {
             1.000000,0.000000,-0.000000,0.000000,0.000000,1.000000,0.000000,0.000000,0.000000,0.000000,1.000000,0.000000,0.047988,-0.000000,0.000000,1.000000;;
            }
           }
          }
         }
        }
       }
      }

      Frame Bip01_R_Clavicle {
       

       FrameTransformMatrix {
        -0.041764,-0.999128,0.000036,0.000000,-0.999127,0.041764,0.000796,0.000000,-0.000796,-0.000003,-1.000000,0.000000,-0.024025,-0.015715,-0.004625,1.000000;;
       }

       Frame Bip01_R_UpperArm {
        

        FrameTransformMatrix {
         0.393705,0.869858,0.297227,0.000000,-0.904827,0.309689,0.292200,0.000000,0.162124,-0.383980,0.908997,0.000000,0.087086,0.000000,0.000000,1.000000;;
        }

        Frame Bip01_R_Forearm {
         

         FrameTransformMatrix {
          0.091979,-0.000000,-0.995761,0.000000,0.000000,1.000000,-0.000000,0.000000,0.995761,0.000000,0.091979,0.000000,0.137062,0.000000,0.000000,1.000000;;
         }

         Frame Bip01_R_Hand {
          

          FrameTransformMatrix {
           0.962013,-0.170998,-0.212817,0.000000,-0.195508,0.112571,-0.974220,0.000000,0.190547,0.978820,0.074863,0.000000,0.137062,0.000000,0.000000,1.000000;;
          }

          Frame Bip01_R_Finger0 {
           

           FrameTransformMatrix {
            0.166554,0.297180,0.940183,0.000000,-0.870771,0.491689,-0.001159,0.000000,-0.462621,-0.818491,0.340669,0.000000,0.057681,0.023605,-0.000272,1.000000;;
           }

           Frame Bip01_R_Finger0Nub {
            

            FrameTransformMatrix {
             -1.000000,-0.000000,0.000000,0.000000,0.000000,1.000000,-0.000000,0.000000,0.000000,0.000000,-1.000000,0.000000,0.029435,0.000000,0.000000,1.000000;;
            }
           }
          }

          Frame Bip01_R_Finger1 {
           

           FrameTransformMatrix {
            0.329983,0.000752,0.943987,0.000000,0.000000,1.000000,-0.000796,0.000000,-0.943987,0.000263,0.329982,0.000000,0.084102,0.000000,0.000000,1.000000;;
           }

           Frame Bip01_R_Finger1Nub {
            

            FrameTransformMatrix {
             -1.000000,-0.000000,0.000000,0.000000,-0.000000,1.000000,0.000000,0.000000,0.000000,-0.000000,-1.000000,0.000000,0.047988,0.000000,0.000000,1.000000;;
            }
           }
          }
         }
        }
       }
      }
     }

     Frame Bip01_BackPack {
      

      FrameTransformMatrix {
       0.015425,-0.000056,-0.999881,0.000000,0.067767,0.997701,0.000989,0.000000,0.997582,-0.067774,0.015393,0.000000,0.063696,0.000003,-0.088849,1.000000;;
      }

      Frame Bip01_BackPackNub {
       

       FrameTransformMatrix {
        0.000796,0.000003,1.000000,0.000000,-0.000000,-1.000000,0.000003,0.000000,1.000000,-0.000000,-0.000796,0.000000,0.053240,-0.000000,-0.000000,1.000000;;
       }
      }
     }
    }

    Frame Bip01_L_Thigh {
     

     FrameTransformMatrix {
      -0.943818,0.266114,0.195938,0.000000,-0.171772,-0.901573,0.397065,0.000000,0.282317,0.341101,0.896631,0.000000,-0.045633,0.055817,0.004659,1.000000;;
     }

     Frame Bip01_L_Calf {
      

      FrameTransformMatrix {
       0.960894,0.000000,-0.276917,0.000000,0.000000,1.000000,0.000000,0.000000,0.276917,-0.000000,0.960894,0.000000,0.237500,0.000000,-0.000000,1.000000;;
      }

      Frame Bip01_L_Foot {
       

       FrameTransformMatrix {
        0.994112,0.106220,0.021437,0.000000,-0.108131,0.959463,0.260267,0.000000,0.007078,-0.261053,0.965299,0.000000,0.206841,0.000000,0.000000,1.000000;;
       }

       Frame Bip01_L_Toe0 {
        

        FrameTransformMatrix {
         -0.281149,0.092895,0.955158,0.000000,0.009524,0.995525,-0.094018,0.000000,-0.959617,-0.017336,-0.280776,0.000000,0.065373,0.000000,0.066450,1.000000;;
        }

        Frame Bip01_L_Toe0Nub {
         

         FrameTransformMatrix {
          -1.000000,-0.000000,-0.000000,0.000000,0.000000,1.000000,0.000000,0.000000,-0.000000,0.000000,-1.000000,0.000000,0.006735,0.000000,-0.000000,1.000000;;
         }
        }
       }
      }
     }
    }

    Frame Bip01_R_Thigh {
     

     FrameTransformMatrix {
      -0.970148,-0.142899,0.195942,0.000000,0.152878,-0.987563,0.036705,0.000000,0.188260,0.065564,0.979928,0.000000,-0.055914,-0.053743,0.014160,1.000000;;
     }

     Frame Bip01_R_Calf {
      

      FrameTransformMatrix {
       0.860704,-0.000000,-0.509106,0.000000,0.000000,1.000000,-0.000000,0.000000,0.509106,0.000000,0.860704,0.000000,0.237500,0.000000,0.000000,1.000000;;
      }

      Frame Bip01_R_Foot {
       

       FrameTransformMatrix {
        0.920341,-0.181368,0.346523,0.000000,0.218728,0.973157,-0.071581,0.000000,-0.324239,0.141673,0.935306,0.000000,0.206841,-0.000000,-0.000000,1.000000;;
       }

       Frame Bip01_R_Toe0 {
        

        FrameTransformMatrix {
         0.793110,-0.384600,0.472292,0.000000,-0.009867,0.767206,0.641325,0.000000,-0.608999,-0.513301,0.604684,0.000000,0.065373,-0.000000,0.066450,1.000000;;
        }

        Frame Bip01_R_Toe0Nub {
         

         FrameTransformMatrix {
          1.000000,-0.000000,0.000000,0.000000,0.000000,1.000000,0.000000,0.000000,0.000000,0.000000,1.000000,0.000000,0.006735,-0.000000,0.000000,1.000000;;
         }
        }
       }
      }
     }
    }
   }

   Frame Bip01_DressFront {
    

    FrameTransformMatrix {
     -0.995138,-0.084051,-0.051337,0.000000,-0.083943,0.996462,-0.004264,0.000000,0.051514,0.000066,-0.998672,0.000000,-0.044009,0.001399,0.061087,1.000000;;
    }

    Frame Bip01_DressFront02 {
     

     FrameTransformMatrix {
      0.997128,0.000000,0.075731,0.000000,-0.000000,1.000000,-0.000000,0.000000,-0.075731,0.000000,0.997128,0.000000,0.183334,0.000000,-0.000131,1.000000;;
     }

     Frame Bip01_DressFrontNub {
      

      FrameTransformMatrix {
       0.000796,0.000003,1.000000,0.000000,0.000000,-1.000000,0.000003,0.000000,1.000000,-0.000000,-0.000796,0.000000,0.165302,-0.000000,0.000000,1.000000;;
      }
     }
    }
   }

   Frame Bip01_DressBack {
    

    FrameTransformMatrix {
     -0.993273,-0.085671,0.077908,0.000000,-0.077908,0.992157,0.097752,0.000000,-0.085671,0.091025,-0.992157,0.000000,-0.047720,-0.000013,-0.078280,1.000000;;
    }

    Frame Bip01_DressBack02 {
     

     FrameTransformMatrix {
      0.931719,0.000001,0.363181,0.000000,-0.000001,1.000000,-0.000000,0.000000,-0.363181,-0.000000,0.931719,0.000000,0.176198,0.000000,-0.000101,1.000000;;
     }

     Frame Bip01_DressBackNub {
      

      FrameTransformMatrix {
       0.000796,0.000003,1.000000,0.000000,0.000000,-1.000000,0.000003,0.000000,1.000000,-0.000000,-0.000796,0.000000,0.136508,0.000000,0.000000,1.000000;;
      }
     }
    }
   }
  }

  Frame Bip01_Prop1 {
   

   FrameTransformMatrix {
    -0.248449,-0.133264,0.959434,0.000000,0.603905,0.753115,0.260991,0.000000,-0.757345,0.644250,-0.106632,0.000000,0.110655,-0.008559,-0.113515,1.000000;;
   }
  }

  Frame Bip01_Prop2 {
   

   FrameTransformMatrix {
    0.619219,-0.579509,0.529846,0.000000,0.772153,0.326810,-0.544954,0.000000,0.142647,0.746569,0.649836,0.000000,0.069563,-0.054508,0.212026,1.000000;;
   }
  }
 }
}

Frame Translation_Data {
 

 FrameTransformMatrix {
  1.000000,0.000000,0.000000,0.000000,0.000000,-0.000000,-1.000000,0.000000,0.000000,1.000000,-0.000000,0.000000,0.000000,0.000000,0.000000,1.000000;;
 }
}

Frame Body {
 

 FrameTransformMatrix {
  1.000000,0.000000,0.000000,0.000000,0.000000,1.000000,0.000000,0.000000,0.000000,0.000000,1.000000,0.000000,0.000000,0.000000,0.000000,1.000000;;
 }

 Mesh Body {
  617;
  0.052146;0.744777;-0.060497;,
  0.021783;0.771769;-0.033699;,
  0.019545;0.740026;-0.045761;,
  0.059090;0.723966;-0.064617;,
  0.065089;0.709359;-0.066692;,
  0.019084;0.706406;-0.059478;,
  0.026966;0.674439;-0.064384;,
  0.073861;0.678453;-0.054926;,
  0.039227;0.796599;-0.004077;,
  0.073367;0.774846;-0.024387;,
  0.093676;0.774392;-0.000719;,
  0.068992;0.780929;0.017681;,
  0.093963;0.539676;0.012598;,
  0.069797;0.527833;0.052576;,
  0.069050;0.542403;0.047669;,
  0.087021;0.549833;0.012516;,
  0.054317;0.557898;-0.032152;,
  0.074718;0.531353;-0.025216;,
  0.014770;0.555972;-0.044975;,
  0.017492;0.502246;-0.043697;,
  0.048101;0.512311;-0.047567;,
  -0.018742;0.710187;-0.043978;,
  -0.024098;0.675176;-0.045427;,
  0.032988;0.520421;0.071933;,
  0.031919;0.537817;0.068673;,
  0.084844;0.647178;0.045898;,
  0.042013;0.650395;0.075344;,
  0.042584;0.691927;0.076989;,
  0.090632;0.690553;0.046166;,
  0.042184;0.466393;-0.066184;,
  0.058683;0.373317;-0.096186;,
  0.101920;0.369320;-0.076949;,
  0.085365;0.460788;-0.040820;,
  0.065963;0.281712;-0.124477;,
  0.103483;0.275976;-0.087659;,
  0.002581;0.455491;-0.037419;,
  0.044014;0.420134;0.050743;,
  0.040497;0.341657;0.006687;,
  0.017822;0.360049;-0.063449;,
  0.059185;0.263376;-0.040105;,
  0.047718;0.267981;-0.080508;,
  0.098247;0.429170;0.009102;,
  0.116255;0.354020;-0.015665;,
  0.098499;0.271408;-0.047481;,
  0.129546;-0.000566;-0.077675;,
  0.085125;-0.002805;-0.084515;,
  0.086401;-0.003828;-0.035723;,
  0.121110;-0.002030;-0.033051;,
  0.079332;0.221259;-0.106271;,
  0.088142;0.147717;-0.108495;,
  0.122389;0.148617;-0.085977;,
  0.115651;0.223001;-0.084069;,
  0.102254;0.068497;-0.110388;,
  0.124759;0.068783;-0.084178;,
  0.045986;0.196639;-0.076499;,
  0.055870;0.209622;-0.023203;,
  0.069039;0.146451;-0.036422;,
  0.064571;0.140198;-0.078554;,
  0.093943;0.074755;-0.057528;,
  0.088303;0.058882;-0.087812;,
  0.125022;0.226704;-0.035666;,
  0.129570;0.153396;-0.048410;,
  0.117141;0.082255;-0.059821;,
  0.082175;0.502596;-0.028990;,
  -0.024196;0.493478;-0.035424;,
  -0.017809;0.457246;-0.029708;,
  0.002581;0.455491;-0.037419;,
  0.110226;0.488587;0.015736;,
  0.078357;0.479457;0.060267;,
  0.100806;0.440610;0.012239;,
  0.069016;0.435376;0.048731;,
  0.076442;0.597373;0.043222;,
  0.103180;0.643424;0.014967;,
  0.104578;0.647037;-0.005682;,
  0.072096;0.647936;-0.048420;,
  0.057623;0.600242;-0.033494;,
  0.090395;0.597375;0.005114;,
  0.024489;0.645372;-0.061584;,
  0.022721;0.596936;-0.046209;,
  -0.027036;0.650262;-0.039159;,
  -0.021513;0.593227;-0.024738;,
  0.111138;0.704104;-0.080941;,
  0.066395;0.695380;-0.052347;,
  0.143673;0.665966;-0.073738;,
  0.097284;0.642976;-0.043579;,
  0.130220;0.610765;-0.031015;,
  0.168312;0.628019;-0.055686;,
  0.092889;0.708744;0.000864;,
  0.121315;0.667965;0.012667;,
  0.097284;0.642976;-0.043579;,
  0.154418;0.615094;0.012321;,
  0.130220;0.610765;-0.031015;,
  0.101735;0.715502;0.002988;,
  0.135000;0.728145;-0.024361;,
  0.167669;0.691279;-0.017525;,
  0.192480;0.632125;-0.012252;,
  0.127110;0.718549;-0.060146;,
  0.164751;0.622487;-0.072140;,
  0.119346;0.600968;-0.044287;,
  0.124914;0.554604;-0.083036;,
  0.153682;0.570486;-0.099393;,
  0.127633;0.518098;-0.104333;,
  0.147754;0.525653;-0.120468;,
  0.119346;0.600968;-0.044287;,
  0.157398;0.575794;-0.000524;,
  0.165741;0.533992;-0.048652;,
  0.124914;0.554604;-0.083036;,
  0.158471;0.502232;-0.085858;,
  0.127633;0.518098;-0.104333;,
  0.202537;0.597286;-0.028190;,
  0.187585;0.546568;-0.061253;,
  0.170993;0.508125;-0.096595;,
  0.121045;0.447711;-0.214100;,
  0.112383;0.450659;-0.194096;,
  0.147408;0.434607;-0.165213;,
  0.155545;0.431978;-0.185164;,
  0.098672;0.484479;-0.171008;,
  0.103812;0.476050;-0.176331;,
  0.109141;0.482058;-0.183853;,
  0.099258;0.492334;-0.179614;,
  0.151307;0.470091;-0.112485;,
  0.160311;0.457001;-0.146300;,
  0.126191;0.494144;-0.161839;,
  0.113279;0.497108;-0.129693;,
  0.176946;0.494327;-0.126149;,
  0.172497;0.464488;-0.160212;,
  0.137836;0.523695;-0.143757;,
  0.139932;0.500773;-0.174635;,
  0.101977;0.767278;-0.036168;,
  0.092860;0.763781;-0.064418;,
  0.073367;0.774846;-0.024387;,
  0.061419;0.767277;-0.044834;,
  0.114828;0.690446;0.013406;,
  0.036326;0.785802;-0.030261;,
  0.078391;0.743891;-0.077194;,
  0.052146;0.744777;-0.060497;,
  0.059090;0.723966;-0.064617;,
  0.079340;0.716818;-0.072302;,
  0.112712;0.734532;0.002284;,
  0.087354;0.730514;0.036597;,
  0.113134;0.737978;-0.002751;,
  0.037384;0.729212;0.066256;,
  0.024700;0.778491;0.034357;,
  0.093676;0.774392;-0.000719;,
  0.113134;0.737978;-0.002751;,
  0.078100;0.706626;-0.039944;,
  0.109343;0.726607;-0.010132;,
  0.066395;0.695380;-0.052347;,
  0.101587;0.683630;-0.015014;,
  0.079233;0.676901;-0.041262;,
  0.065089;0.709359;-0.066692;,
  0.113776;0.687940;-0.004113;,
  0.113279;0.497108;-0.129693;,
  0.033644;0.817528;0.003721;,
  0.036175;0.814639;-0.018781;,
  0.015301;0.800987;0.012412;,
  0.011599;0.820468;0.018939;,
  0.139932;0.500773;-0.174635;,
  0.121045;0.447711;-0.214100;,
  0.155545;0.431978;-0.185164;,
  0.103164;0.493335;-0.153698;,
  0.111257;0.507211;-0.174018;,
  0.103164;0.493335;-0.153698;,
  0.114567;0.482960;-0.162594;,
  0.130550;0.496230;-0.175792;,
  0.130550;0.496230;-0.175792;,
  0.098672;0.484479;-0.171008;,
  0.099258;0.492334;-0.179614;,
  0.109141;0.482058;-0.183853;,
  0.140974;0.023276;-0.153257;,
  0.112835;0.019526;-0.193349;,
  0.115753;0.001225;-0.200821;,
  0.148274;0.002155;-0.160434;,
  0.081755;0.029594;-0.045956;,
  0.086401;-0.003828;-0.035723;,
  0.085125;-0.002805;-0.084515;,
  0.082625;0.022102;-0.086651;,
  0.093943;0.074755;-0.057528;,
  0.117141;0.082255;-0.059821;,
  0.122972;0.034786;-0.042923;,
  0.129546;-0.000566;-0.077675;,
  0.121110;-0.002030;-0.033051;,
  0.129011;0.034442;-0.079336;,
  0.102254;0.068497;-0.110388;,
  0.124759;0.068783;-0.084178;,
  0.080116;-0.000840;-0.193352;,
  0.084773;0.014810;-0.185313;,
  0.148274;0.002155;-0.160434;,
  0.080116;-0.000840;-0.193352;,
  0.017822;0.360049;-0.063449;,
  0.047718;0.267981;-0.080508;,
  0.045986;0.196639;-0.076499;,
  0.064571;0.140198;-0.078554;,
  0.088303;0.058882;-0.087812;,
  0.088303;0.058882;-0.087812;,
  0.006737;0.436613;0.011226;,
  0.044309;0.821332;-0.031480;,
  0.034087;0.817986;-0.050050;,
  0.025516;0.811094;-0.047795;,
  0.023705;0.810761;-0.032748;,
  0.038303;0.839559;-0.006786;,
  0.032044;0.848638;0.014683;,
  0.013396;0.958968;-0.036634;,
  -0.006309;0.962999;-0.034665;,
  -0.008467;0.951327;-0.062056;,
  0.025004;0.893969;-0.086522;,
  0.021366;0.921975;-0.077292;,
  0.007546;0.892578;-0.091620;,
  0.049237;0.849023;-0.027491;,
  0.039108;0.838481;-0.053401;,
  0.043263;0.832370;-0.022209;,
  0.051024;0.883606;-0.009474;,
  0.049198;0.894124;-0.031567;,
  0.046992;0.930949;-0.036449;,
  0.036020;0.928893;-0.062051;,
  0.042680;0.890187;-0.057731;,
  0.040650;0.894436;0.028364;,
  0.049801;0.886987;0.006940;,
  0.002702;0.894044;0.043044;,
  0.000271;0.941824;0.031174;,
  0.032098;0.941031;0.017971;,
  0.043840;0.867517;-0.057271;,
  0.027483;0.862490;-0.079283;,
  0.028786;0.828890;-0.066551;,
  0.013889;0.804160;-0.077479;,
  -0.006289;0.800331;-0.085141;,
  -0.004320;0.797862;-0.064236;,
  0.017189;0.941012;-0.067676;,
  0.033294;0.949231;-0.038256;,
  0.045527;0.939182;-0.002260;,
  0.030799;0.956336;-0.009380;,
  -0.002924;0.962928;0.002584;,
  0.014079;0.961223;-0.001344;,
  0.002644;0.855873;0.030507;,
  0.045527;0.939182;-0.002260;,
  0.030799;0.956336;-0.009380;,
  0.055338;0.851911;-0.028623;,
  0.066804;0.879050;-0.010993;,
  0.060525;0.898068;-0.018235;,
  0.053467;0.879372;-0.023090;,
  0.066804;0.879050;-0.010993;,
  0.055338;0.851911;-0.028623;,
  0.060525;0.898068;-0.018235;,
  0.049198;0.894124;-0.031567;,
  0.049723;0.870050;-0.038884;,
  0.049237;0.849023;-0.027491;,
  0.026614;0.884723;-0.078731;,
  0.049723;0.870050;-0.038884;,
  0.036326;0.785802;-0.030261;,
  0.036175;0.814639;-0.018781;,
  0.061419;0.767277;-0.044834;,
  0.038303;0.839559;-0.006786;,
  -0.011681;0.760312;-0.036333;,
  -0.014095;0.736228;-0.038042;,
  -0.024607;0.551743;-0.026744;,
  0.041571;0.473654;0.079922;,
  0.039616;0.440562;0.071107;,
  0.021848;0.418990;0.053023;,
  -0.008656;0.797426;-0.045890;,
  0.006737;0.436613;0.011226;,
  0.014079;0.961223;-0.001344;,
  -0.002924;0.962928;0.002584;,
  0.013211;0.835844;-0.081884;,
  0.004494;0.858538;-0.087435;,
  0.004909;0.848908;-0.087990;,
  -0.009343;0.942206;-0.074546;,
  -0.009979;0.920765;-0.088230;,
  0.006542;0.883339;-0.082503;,
  0.037098;0.597659;0.069681;,
  0.061419;0.767277;-0.044834;,
  0.115753;0.001225;-0.200821;,
  0.012808;0.829244;-0.081802;,
  0.004592;0.827197;-0.088097;,
  0.004616;0.831885;-0.084336;,
  -0.009311;0.856534;-0.100894;,
  -0.008240;0.847720;-0.091845;,
  0.003826;0.835953;-0.088974;,
  -0.007059;0.831873;-0.083785;,
  -0.007420;0.825301;-0.089807;,
  -0.009913;0.891186;-0.096718;,
  -0.009320;0.881678;-0.093156;,
  0.109343;0.726607;-0.010132;,
  -0.007886;0.835829;-0.091656;,
  0.081279;0.712289;-0.023747;,
  0.078100;0.706626;-0.039944;,
  0.065089;0.709359;-0.066692;,
  0.049801;0.886987;0.006940;,
  0.079332;0.221259;-0.106271;,
  0.010396;0.221450;-0.094313;,
  0.025505;0.145073;-0.098461;,
  0.088142;0.147717;-0.108495;,
  0.065963;0.281712;-0.124477;,
  0.010005;0.279255;-0.101967;,
  0.058683;0.373318;-0.096186;,
  -0.003182;0.368937;-0.076287;,
  0.042184;0.466393;-0.066184;,
  -0.009654;0.456005;-0.060364;,
  0.017492;0.502246;-0.043697;,
  0.029651;0.072664;-0.104174;,
  0.102254;0.068497;-0.110388;,
  0.077620;0.136449;-0.009760;,
  0.089508;0.067408;-0.014169;,
  0.042202;0.063054;0.069217;,
  0.034352;0.135120;0.058734;,
  0.022343;0.200322;0.042335;,
  0.062987;0.207869;-0.010535;,
  0.018049;0.260126;0.037755;,
  0.058431;0.256471;-0.009785;,
  0.042505;0.338307;0.021132;,
  0.025252;0.341108;0.050669;,
  0.038303;0.413084;0.067183;,
  0.081279;0.712289;-0.023747;,
  -0.070666;0.757188;0.000089;,
  -0.081526;0.737214;0.004869;,
  -0.039932;0.743888;-0.016145;,
  -0.028383;0.775026;-0.008719;,
  -0.086632;0.719732;0.009079;,
  -0.085610;0.687343;0.030237;,
  -0.068046;0.679736;-0.013645;,
  -0.054053;0.711155;-0.023060;,
  -0.012667;0.799969;0.021763;,
  -0.014763;0.786368;0.059387;,
  -0.045156;0.784816;0.068015;,
  -0.050876;0.787516;0.036261;,
  -0.051360;0.526782;0.093242;,
  -0.045199;0.540883;0.088859;,
  -0.005056;0.537387;0.090457;,
  -0.003478;0.521331;0.093238;,
  -0.068759;0.549567;0.038911;,
  -0.072126;0.518324;0.056272;,
  -0.060242;0.550895;-0.001663;,
  -0.074060;0.501515;0.019494;,
  -0.054033;0.495899;-0.004005;,
  0.031919;0.537817;0.068673;,
  0.032988;0.520421;0.071933;,
  -0.004883;0.651093;0.098089;,
  -0.009627;0.696142;0.099708;,
  0.042584;0.691927;0.076989;,
  0.042013;0.650395;0.075344;,
  -0.075242;0.453993;-0.001839;,
  -0.086889;0.450144;0.047401;,
  -0.120621;0.357102;0.038718;,
  -0.102119;0.358316;-0.005004;,
  -0.125112;0.263398;0.039382;,
  -0.123282;0.260052;-0.012615;,
  -0.024662;0.444048;-0.006980;,
  -0.049366;0.347053;-0.007784;,
  -0.017644;0.335571;0.060284;,
  0.022908;0.418261;0.062455;,
  -0.079068;0.254381;0.007398;,
  -0.059725;0.258234;0.043804;,
  -0.088917;0.347703;0.094412;,
  -0.055812;0.421664;0.092745;,
  -0.094002;0.266446;0.064346;,
  -0.098335;-0.001503;0.121474;,
  -0.065738;-0.001525;0.153129;,
  -0.038825;-0.001071;0.130981;,
  -0.065859;-0.000926;0.090330;,
  -0.110954;0.204191;0.025578;,
  -0.121962;0.215875;0.065041;,
  -0.114749;0.145707;0.089670;,
  -0.105579;0.134873;0.051209;,
  -0.101589;0.069887;0.115362;,
  -0.101752;0.063277;0.081358;,
  -0.062597;0.188196;0.028775;,
  -0.067110;0.135786;0.056488;,
  -0.042729;0.155805;0.085454;,
  -0.035670;0.218621;0.066933;,
  -0.074389;0.060338;0.090811;,
  -0.061790;0.081633;0.112988;,
  -0.095139;0.163051;0.117960;,
  -0.096341;0.235918;0.102274;,
  -0.081783;0.088559;0.125455;,
  -0.075309;0.488622;0.058401;,
  -0.024662;0.444048;-0.006980;,
  0.005083;0.472956;0.100929;,
  -0.050279;0.474345;0.104805;,
  0.000676;0.430116;0.090672;,
  -0.050290;0.430885;0.094937;,
  -0.004411;0.599155;0.092587;,
  -0.041140;0.649721;0.098912;,
  -0.059540;0.654198;0.089778;,
  -0.044934;0.600356;0.087739;,
  -0.064733;0.602938;0.041212;,
  -0.080863;0.654610;0.040549;,
  -0.060573;0.598772;0.004647;,
  -0.069276;0.649463;-0.007045;,
  -0.120745;0.722662;0.034208;,
  -0.134489;0.686374;0.066754;,
  -0.068506;0.717523;0.022361;,
  -0.133702;0.655502;0.103659;,
  -0.087827;0.642220;0.095134;,
  -0.078648;0.667319;0.056329;,
  -0.049968;0.738695;0.076397;,
  -0.078648;0.667319;0.056329;,
  -0.057326;0.700397;0.109402;,
  -0.087827;0.642220;0.095134;,
  -0.076823;0.643834;0.138136;,
  -0.055198;0.745803;0.083507;,
  -0.113197;0.719768;0.119744;,
  -0.098979;0.754847;0.087490;,
  -0.122608;0.656838;0.146699;,
  -0.118253;0.740136;0.058387;,
  -0.139861;0.658874;0.086112;,
  -0.145528;0.615577;0.045336;,
  -0.112023;0.603803;0.036052;,
  -0.085903;0.643377;0.073916;,
  -0.151871;0.577070;0.014240;,
  -0.125692;0.572997;0.012690;,
  -0.085903;0.643377;0.073916;,
  -0.112023;0.603803;0.036052;,
  -0.120014;0.569619;0.081235;,
  -0.085321;0.604369;0.123496;,
  -0.125692;0.572997;0.012690;,
  -0.135123;0.546728;0.040361;,
  -0.145602;0.579086;0.088285;,
  -0.138953;0.619911;0.135569;,
  -0.152991;0.551156;0.041550;,
  -0.141794;0.519819;-0.083065;,
  -0.157341;0.494153;-0.045989;,
  -0.152323;0.506211;-0.028653;,
  -0.136578;0.532453;-0.065830;,
  -0.127264;0.555952;-0.048077;,
  -0.130290;0.564049;-0.055911;,
  -0.137498;0.551959;-0.060717;,
  -0.130414;0.546936;-0.053959;,
  -0.136510;0.522705;0.006159;,
  -0.126462;0.563758;-0.020030;,
  -0.154850;0.558001;-0.039262;,
  -0.160193;0.509368;-0.019475;,
  -0.179815;0.512250;-0.021655;,
  -0.170622;0.535495;0.016368;,
  -0.160677;0.579156;-0.010032;,
  -0.174700;0.559403;-0.039972;,
  -0.076042;0.789365;0.051124;,
  -0.093376;0.786958;0.026880;,
  -0.059578;0.780194;0.014775;,
  -0.050876;0.787516;0.036261;,
  -0.050189;0.699646;0.101531;,
  -0.032879;0.790296;0.004199;,
  -0.099031;0.765366;0.009656;,
  -0.098860;0.738164;0.016176;,
  -0.081526;0.737214;0.004869;,
  -0.070666;0.757188;0.000089;,
  -0.058480;0.747878;0.087652;,
  -0.062466;0.751828;0.084755;,
  -0.015913;0.737220;0.088018;,
  0.037384;0.729212;0.066256;,
  0.024700;0.778491;0.034357;,
  -0.045156;0.784816;0.068015;,
  -0.062466;0.751828;0.084755;,
  -0.074538;0.718737;0.036078;,
  -0.068506;0.717523;0.022361;,
  -0.067336;0.741517;0.077938;,
  -0.077365;0.685631;0.042367;,
  -0.067193;0.693040;0.075120;,
  -0.086632;0.719732;0.009079;,
  -0.064418;0.697875;0.091049;,
  -0.126462;0.563758;-0.020030;,
  -0.029970;0.815993;0.001316;,
  -0.015290;0.818529;0.018588;,
  0.011599;0.820468;0.018939;,
  0.015301;0.800987;0.012412;,
  -0.174700;0.559403;-0.039972;,
  -0.141794;0.519819;-0.083065;,
  -0.157341;0.494153;-0.045989;,
  -0.145306;0.574884;-0.048579;,
  -0.132851;0.561976;-0.029891;,
  -0.132851;0.561976;-0.029891;,
  -0.141766;0.549769;-0.039288;,
  -0.161289;0.559518;-0.050670;,
  -0.161289;0.559518;-0.050670;,
  -0.130290;0.564049;-0.055911;,
  -0.127264;0.555952;-0.048077;,
  -0.137498;0.551959;-0.060717;,
  -0.152614;0.020039;0.066687;,
  -0.161307;-0.001657;0.064538;,
  -0.157886;-0.001225;0.012791;,
  -0.152415;0.017374;0.017635;,
  -0.043098;0.032376;0.120672;,
  -0.066678;0.024044;0.087695;,
  -0.065859;-0.000926;0.090330;,
  -0.038825;-0.001071;0.130981;,
  -0.061790;0.081633;0.112988;,
  -0.075338;0.034884;0.146926;,
  -0.081783;0.088559;0.125455;,
  -0.098335;-0.001503;0.121474;,
  -0.101147;0.033424;0.120577;,
  -0.065738;-0.001525;0.153129;,
  -0.101752;0.063277;0.081358;,
  -0.101589;0.069887;0.115362;,
  -0.124589;0.014687;0.008003;,
  -0.124376;-0.000775;-0.001595;,
  -0.124376;-0.000775;-0.001595;,
  -0.161307;-0.001657;0.064538;,
  -0.049366;0.347053;-0.007784;,
  -0.079068;0.254381;0.007398;,
  -0.062597;0.188196;0.028775;,
  -0.067110;0.135786;0.056488;,
  -0.074389;0.060338;0.090811;,
  -0.074389;0.060338;0.090811;,
  -0.047496;0.818733;-0.023141;,
  -0.027533;0.811809;-0.017181;,
  -0.031404;0.809483;-0.042624;,
  -0.040613;0.815871;-0.043265;,
  -0.038174;0.837393;0.000161;,
  -0.028671;0.846919;0.020198;,
  -0.025789;0.957859;-0.033074;,
  -0.006309;0.962999;-0.034665;,
  -0.042524;0.892058;-0.080387;,
  -0.026219;0.891622;-0.088552;,
  -0.038860;0.920270;-0.071820;,
  -0.047298;0.836035;-0.045552;,
  -0.053172;0.846124;-0.018189;,
  -0.045419;0.829859;-0.014153;,
  -0.053623;0.880644;0.000032;,
  -0.056398;0.891134;-0.021975;,
  -0.054487;0.887436;-0.048904;,
  -0.050896;0.926432;-0.054155;,
  -0.057177;0.927999;-0.026985;,
  -0.049656;0.884171;0.015975;,
  -0.037230;0.892231;0.035438;,
  0.002702;0.894044;0.043044;,
  -0.033318;0.939179;0.023913;,
  0.000271;0.941824;0.031174;,
  -0.054271;0.864739;-0.048359;,
  -0.038990;0.826971;-0.060394;,
  -0.041888;0.860526;-0.072981;,
  -0.024940;0.803061;-0.073952;,
  -0.034096;0.939560;-0.063017;,
  -0.045075;0.947012;-0.031136;,
  -0.037825;0.954393;-0.003145;,
  -0.050044;0.936476;0.006422;,
  -0.020233;0.960252;0.001773;,
  -0.002924;0.962928;0.002584;,
  0.002644;0.855873;0.030507;,
  -0.050044;0.936476;0.006422;,
  -0.037825;0.954393;-0.003145;,
  -0.059529;0.848658;-0.018189;,
  -0.058236;0.876209;-0.012943;,
  -0.065343;0.894504;-0.006801;,
  -0.069137;0.875202;0.001356;,
  -0.059529;0.848658;-0.018189;,
  -0.069137;0.875202;0.001356;,
  -0.065343;0.894504;-0.006801;,
  -0.056398;0.891134;-0.021975;,
  -0.056880;0.867032;-0.029201;,
  -0.053172;0.846124;-0.018189;,
  -0.042183;0.882775;-0.072480;,
  -0.056880;0.867032;-0.029201;,
  -0.029970;0.815993;0.001316;,
  -0.032879;0.790296;0.004199;,
  -0.059578;0.780194;0.014775;,
  -0.038174;0.837393;0.000161;,
  0.041571;0.473654;0.079922;,
  0.039616;0.440562;0.071107;,
  0.021848;0.418990;0.053023;,
  0.006737;0.436613;0.011226;,
  -0.020233;0.960252;0.001773;,
  -0.002924;0.962928;0.002584;,
  -0.026846;0.834710;-0.078245;,
  -0.020524;0.848188;-0.085679;,
  -0.020558;0.857828;-0.085158;,
  -0.023073;0.882500;-0.079812;,
  0.037098;0.597659;0.069681;,
  -0.059578;0.780194;0.014775;,
  -0.157886;-0.001225;0.012791;,
  -0.019015;0.826529;-0.085952;,
  -0.026064;0.828144;-0.078271;,
  -0.018624;0.831227;-0.082225;,
  -0.018911;0.835310;-0.086908;,
  -0.067336;0.741517;0.077938;,
  -0.062681;0.724118;0.048173;,
  -0.074538;0.718737;0.036078;,
  -0.086632;0.719732;0.009079;,
  -0.049656;0.884171;0.015975;,
  -0.070765;0.208480;-0.029669;,
  -0.075309;0.134345;-0.011340;,
  -0.030903;0.140547;-0.063356;,
  -0.031452;0.217880;-0.063763;,
  -0.079171;0.267650;-0.040349;,
  -0.036027;0.274578;-0.067249;,
  -0.053794;0.359768;-0.037111;,
  -0.029667;0.363560;-0.055211;,
  -0.038647;0.447758;-0.035971;,
  -0.025873;0.449074;-0.048169;,
  -0.024196;0.493478;-0.035424;,
  -0.054033;0.495900;-0.004005;,
  -0.076863;0.063454;-0.000898;,
  -0.032156;0.074631;-0.066439;,
  -0.019246;0.081424;0.125719;,
  -0.081771;0.088559;0.125449;,
  -0.095139;0.163051;0.117960;,
  -0.025645;0.152875;0.102826;,
  -0.096341;0.235918;0.102274;,
  -0.034326;0.220095;0.084158;,
  -0.036020;0.259071;0.068318;,
  -0.094002;0.266446;0.064346;,
  -0.088917;0.347703;0.094412;,
  -0.007949;0.332350;0.074500;,
  0.039616;0.440562;0.071107;,
  0.000676;0.430116;0.090672;,
  -0.062681;0.724118;0.048173;,
  -0.075242;0.453993;-0.001839;,
  -0.102119;0.358316;-0.005004;,
  -0.123282;0.260052;-0.012615;,
  -0.110954;0.204191;0.025578;,
  -0.105579;0.134873;0.051209;,
  -0.101752;0.063277;0.081358;,
  0.116255;0.354020;-0.015665;,
  0.069016;0.435376;0.048731;,
  0.098247;0.429170;0.009102;,
  0.098499;0.271408;-0.047481;,
  0.125022;0.226704;-0.035666;,
  0.129570;0.153396;-0.048410;,
  0.117141;0.082255;-0.059821;,
  -0.055812;0.421664;0.092745;;
  916;
  3;0,2,1;,
  3;2,0,3;,
  3;4,6,5;,
  3;6,4,7;,
  3;8,10,9;,
  3;10,8,11;,
  3;12,14,13;,
  3;14,12,15;,
  3;16,12,17;,
  3;12,16,15;,
  3;18,20,19;,
  3;20,18,16;,
  3;5,22,21;,
  3;22,5,6;,
  3;13,24,23;,
  3;24,13,14;,
  3;25,27,26;,
  3;27,25,28;,
  3;29,31,30;,
  3;31,29,32;,
  3;31,33,30;,
  3;33,31,34;,
  3;35,37,36;,
  3;37,35,38;,
  3;38,39,37;,
  3;39,38,40;,
  3;36,42,41;,
  3;42,36,37;,
  3;37,43,42;,
  3;43,37,39;,
  3;41,31,32;,
  3;31,41,42;,
  3;42,34,31;,
  3;34,42,43;,
  3;44,46,45;,
  3;46,44,47;,
  3;48,50,49;,
  3;50,48,51;,
  3;49,53,52;,
  3;53,49,50;,
  3;54,56,55;,
  3;56,54,57;,
  3;57,58,56;,
  3;58,57,59;,
  3;55,61,60;,
  3;61,55,56;,
  3;56,62,61;,
  3;62,56,58;,
  3;60,50,51;,
  3;50,60,61;,
  3;61,53,50;,
  3;53,61,62;,
  3;32,20,63;,
  3;20,32,29;,
  3;64,66,65;,
  3;66,64,19;,
  3;13,67,12;,
  3;67,13,68;,
  3;68,69,67;,
  3;69,68,70;,
  3;70,41,69;,
  3;41,70,36;,
  3;48,34,51;,
  3;34,48,33;,
  3;51,43,60;,
  3;43,51,34;,
  3;43,55,60;,
  3;55,43,39;,
  3;39,54,55;,
  3;54,39,40;,
  3;12,63,17;,
  3;63,12,67;,
  3;67,32,63;,
  3;32,67,69;,
  3;69,41,32;,
  3;71,72,25;,
  3;73,75,74;,
  3;75,73,76;,
  3;75,77,74;,
  3;77,75,78;,
  3;79,78,80;,
  3;78,79,77;,
  3;81,83,82;,
  3;83,85,84;,
  3;85,83,86;,
  3;87,89,88;,
  3;89,90,88;,
  3;90,89,91;,
  3;92,94,93;,
  3;92,88,94;,
  3;92,87,88;,
  3;88,95,94;,
  3;95,88,90;,
  3;96,94,83;,
  3;94,86,83;,
  3;86,94,95;,
  3;97,99,98;,
  3;99,97,100;,
  3;100,101,99;,
  3;101,100,102;,
  3;103,105,104;,
  3;105,103,106;,
  3;106,107,105;,
  3;107,106,108;,
  3;104,110,109;,
  3;110,104,105;,
  3;105,111,110;,
  3;111,105,107;,
  3;109,100,97;,
  3;100,109,110;,
  3;110,102,100;,
  3;102,110,111;,
  3;112,114,113;,
  3;114,112,115;,
  3;116,118,117;,
  3;118,116,119;,
  3;120,122,121;,
  3;122,120,123;,
  3;120,125,124;,
  3;125,120,121;,
  3;126,125,127;,
  3;125,126,124;,
  3;95,97,86;,
  3;97,95,109;,
  3;86,98,85;,
  3;98,86,97;,
  3;90,103,104;,
  3;103,90,91;,
  3;104,95,90;,
  3;95,104,109;,
  3;128,96,129;,
  3;96,128,93;,
  3;129,130,128;,
  3;130,129,131;,
  3;72,28,25;,
  3;28,72,132;,
  3;9,133,8;,
  3;134,136,135;,
  3;136,134,137;,
  3;81,137,134;,
  3;138,11,139;,
  3;138,10,11;,
  3;138,140,10;,
  3;141,11,142;,
  3;11,141,139;,
  3;128,130,143;,
  3;93,144,92;,
  3;93,143,144;,
  3;93,128,143;,
  3;145,87,146;,
  3;87,145,147;,
  3;74,148,73;,
  3;148,74,149;,
  3;150,147,145;,
  3;7,149,74;,
  3;148,151,73;,
  3;102,152,101;,
  3;152,102,126;,
  3;102,124,126;,
  3;124,102,111;,
  3;111,120,124;,
  3;120,111,107;,
  3;120,108,123;,
  3;108,120,107;,
  3;8,154,153;,
  3;154,8,133;,
  3;153,155,8;,
  3;155,153,156;,
  3;121,113,114;,
  3;113,121,122;,
  3;122,112,113;,
  3;112,122,157;,
  3;158,125,159;,
  3;125,158,127;,
  3;159,121,114;,
  3;121,159,125;,
  3;126,160,152;,
  3;160,126,161;,
  3;162,122,123;,
  3;122,162,163;,
  3;122,164,157;,
  3;164,122,163;,
  3;165,126,127;,
  3;126,165,161;,
  3;161,166,160;,
  3;166,161,167;,
  3;162,117,163;,
  3;117,162,116;,
  3;163,118,164;,
  3;118,163,117;,
  3;165,167,161;,
  3;167,165,168;,
  3;169,171,170;,
  3;171,169,172;,
  3;173,175,174;,
  3;175,173,176;,
  3;177,179,178;,
  3;179,177,173;,
  3;180,179,181;,
  3;179,180,182;,
  3;183,169,170;,
  3;169,183,184;,
  3;175,186,185;,
  3;186,175,176;,
  3;45,187,44;,
  3;187,45,188;,
  3;180,169,182;,
  3;169,180,172;,
  3;19,29,66;,
  3;20,29,19;,
  3;29,30,189;,
  3;30,190,189;,
  3;190,30,33;,
  3;33,191,190;,
  3;191,33,48;,
  3;191,49,192;,
  3;49,191,48;,
  3;192,52,193;,
  3;52,192,49;,
  3;194,170,186;,
  3;170,194,183;,
  3;170,185,186;,
  3;185,170,171;,
  3;186,176,194;,
  3;194,173,177;,
  3;173,194,176;,
  3;179,174,181;,
  3;174,179,173;,
  3;178,182,184;,
  3;182,178,179;,
  3;182,169,184;,
  3;16,17,20;,
  3;17,63,20;,
  3;66,195,65;,
  3;196,198,197;,
  3;198,196,199;,
  3;200,153,154;,
  3;153,200,201;,
  3;202,204,203;,
  3;205,207,206;,
  3;196,209,208;,
  3;209,196,197;,
  3;210,208,211;,
  3;208,210,196;,
  3;212,214,213;,
  3;214,212,215;,
  3;212,213,211;,
  3;201,217,216;,
  3;217,201,200;,
  3;218,220,219;,
  3;220,218,216;,
  3;210,199,196;,
  3;214,205,206;,
  3;221,223,222;,
  3;197,198,224;,
  3;224,226,225;,
  3;226,224,198;,
  3;227,214,206;,
  3;228,229,213;,
  3;229,228,230;,
  3;219,232,231;,
  3;214,228,213;,
  3;156,201,233;,
  3;201,156,153;,
  3;233,216,218;,
  3;216,233,201;,
  3;220,216,234;,
  3;235,220,234;,
  3;236,238,237;,
  3;238,236,239;,
  3;208,240,211;,
  3;240,208,241;,
  3;211,242,212;,
  3;242,211,240;,
  3;243,239,244;,
  3;239,243,238;,
  3;244,236,245;,
  3;236,244,239;,
  3;246,221,222;,
  3;221,246,215;,
  3;221,212,247;,
  3;212,221,215;,
  3;199,248,1;,
  3;248,199,249;,
  3;133,9,250;,
  3;249,210,251;,
  3;210,249,199;,
  3;210,211,251;,
  3;252,2,253;,
  3;2,252,1;,
  3;19,254,18;,
  3;254,19,64;,
  3;23,68,13;,
  3;68,23,255;,
  3;68,256,70;,
  3;256,68,255;,
  3;256,36,70;,
  3;36,256,257;,
  3;258,1,252;,
  3;1,258,199;,
  3;257,259,36;,
  3;36,259,35;,
  3;260,203,261;,
  3;203,260,202;,
  3;262,263,222;,
  3;263,262,264;,
  3;198,258,226;,
  3;258,198,199;,
  3;265,204,227;,
  3;265,206,266;,
  3;206,265,227;,
  3;222,267,246;,
  3;267,222,263;,
  3;89,87,147;,
  3;82,83,84;,
  3;78,16,18;,
  3;16,78,75;,
  3;75,15,16;,
  3;15,75,76;,
  3;15,71,14;,
  3;71,15,76;,
  3;14,268,24;,
  3;268,14,71;,
  3;248,269,1;,
  3;1,269,0;,
  3;135,129,134;,
  3;129,135,131;,
  3;134,96,81;,
  3;96,134,129;,
  3;96,83,81;,
  3;94,96,93;,
  3;29,189,66;,
  3;205,215,246;,
  3;267,205,246;,
  3;205,267,207;,
  3;205,214,215;,
  3;187,188,270;,
  3;224,272,271;,
  3;223,221,209;,
  3;224,223,197;,
  3;271,273,262;,
  3;273,271,272;,
  3;263,275,274;,
  3;273,276,262;,
  3;277,272,278;,
  3;272,277,273;,
  3;223,271,262;,
  3;271,223,224;,
  3;223,209,197;,
  3;208,221,247;,
  3;221,208,209;,
  3;222,223,262;,
  3;266,207,279;,
  3;207,266,206;,
  3;207,280,279;,
  3;280,207,267;,
  3;280,263,274;,
  3;263,280,267;,
  3;264,262,276;,
  3;76,73,72;,
  3;138,281,140;,
  3;73,132,72;,
  3;132,73,151;,
  3;72,71,76;,
  3;272,225,278;,
  3;155,11,8;,
  3;276,277,282;,
  3;277,276,273;,
  3;275,276,282;,
  3;276,275,264;,
  3;28,141,27;,
  3;141,28,139;,
  3;139,132,138;,
  3;132,139,28;,
  3;132,281,138;,
  3;281,132,151;,
  3;281,148,283;,
  3;148,281,151;,
  3;283,149,284;,
  3;149,283,148;,
  3;7,284,149;,
  3;284,7,4;,
  3;6,79,22;,
  3;79,6,77;,
  3;77,7,74;,
  3;7,77,6;,
  3;5,3,4;,
  3;3,5,2;,
  3;285,137,82;,
  3;137,285,136;,
  3;137,81,82;,
  3;92,146,87;,
  3;146,92,144;,
  3;2,21,253;,
  3;21,2,5;,
  3;286,213,229;,
  3;251,211,286;,
  3;213,286,211;,
  3;234,216,217;,
  3;227,202,228;,
  3;202,230,228;,
  3;230,202,260;,
  3;232,220,235;,
  3;228,214,227;,
  3;26,71,25;,
  3;71,26,268;,
  3;155,142,11;,
  3;18,80,78;,
  3;80,18,254;,
  3;272,224,225;,
  3;275,263,264;,
  3;202,227,204;,
  3;232,219,220;,
  3;287,289,288;,
  3;289,287,290;,
  3;291,288,292;,
  3;288,291,287;,
  3;293,292,294;,
  3;292,293,291;,
  3;295,294,296;,
  3;294,295,293;,
  3;296,297,295;,
  3;298,290,299;,
  3;290,298,289;,
  3;300,302,301;,
  3;302,300,303;,
  3;304,300,305;,
  3;300,304,303;,
  3;306,305,307;,
  3;305,306,304;,
  3;308,306,307;,
  3;306,308,309;,
  3;308,310,309;,
  3;145,146,311;,
  3;312,314,313;,
  3;314,312,315;,
  3;316,318,317;,
  3;318,316,319;,
  3;320,322,321;,
  3;322,320,323;,
  3;324,326,325;,
  3;326,324,327;,
  3;328,324,325;,
  3;324,328,329;,
  3;330,331,328;,
  3;331,330,332;,
  3;319,22,318;,
  3;22,319,21;,
  3;327,333,326;,
  3;333,327,334;,
  3;335,337,336;,
  3;337,335,338;,
  3;339,341,340;,
  3;341,339,342;,
  3;341,344,343;,
  3;344,341,342;,
  3;345,347,346;,
  3;347,345,348;,
  3;346,350,349;,
  3;350,346,347;,
  3;348,351,347;,
  3;351,348,352;,
  3;347,353,350;,
  3;353,347,351;,
  3;352,341,351;,
  3;341,352,340;,
  3;351,343,353;,
  3;343,351,341;,
  3;354,356,355;,
  3;356,354,357;,
  3;358,360,359;,
  3;360,358,361;,
  3;361,362,360;,
  3;362,361,363;,
  3;364,366,365;,
  3;366,364,367;,
