xof 0303txt 0032
template XSkinMeshHeader {
 <3cf169ce-ff7c-44ab-93c0-f78f62d172e2>
 WORD nMaxSkinWeightsPerVertex;
 WORD nMaxSkinWeightsPerFace;
 WORD nBones;
}

template VertexDuplicationIndices {
 <b8d65549-d7c9-4995-89cf-53a9a8b031e3>
 DWORD nIndices;
 DWORD nOriginalVertices;
 array DWORD indices[nIndices];
}

template SkinWeights {
 <6f0d123b-bad2-4167-a0d0-80224f25fabb>
 STRING transformNodeName;
 DWORD nWeights;
 array DWORD vertexIndices[nWeights];
 array FLOAT weights[nWeights];
 Matrix4x4 matrixOffset;
}

template AnimTicksPerSecond {
 <9e415a43-7ba6-4a73-8743-b73d47e88476>
 DWORD AnimTicksPerSecond;
}

template VertexElement {
 <f752461c-1e23-48f6-b9f8-8350850f336f>
 DWORD Type;
 DWORD Method;
 DWORD Usage;
 DWORD UsageIndex;
}

template DeclData {
 <bf22e553-292c-4781-9fea-62bd554bdd93>
 DWORD nElements;
 array VertexElement Elements[nElements];
 DWORD nDWords;
 array DWORD data[nDWords];
}


AnimTicksPerSecond {
 4800;
}

Frame Dummy01 {
 

 FrameTransformMatrix {
  1.000000,0.000000,0.000000,0.000000,0.000000,-0.000000,-1.000000,0.000000,0.000000,1.000000,-0.000000,0.000000,0.000000,0.000000,0.000000,1.000000;;
 }

 Frame Bip01 {
  

  FrameTransformMatrix {
   -0.035174,0.980979,0.190903,0.000000,0.000662,-0.190998,0.981590,0.000000,0.999381,0.034652,0.006069,0.000000,0.003000,0.001242,0.544505,1.000000;;
  }

  Frame Bip01_Pelvis {
   

   FrameTransformMatrix {
    0.000000,0.999038,-0.043862,0.000000,-0.000001,0.043862,0.999038,0.000000,1.000000,0.000000,0.000001,0.000000,0.000000,0.000000,0.000000,1.000000;;
   }

   Frame Bip01_Spine {
    

    FrameTransformMatrix {
     0.988132,0.012060,0.153135,0.000000,-0.013432,0.999878,0.007930,0.000000,-0.153021,-0.009893,0.988173,0.000000,0.051597,0.002266,-0.000084,1.000000;;
    }

    Frame Bip01_Spine1 {
     

     FrameTransformMatrix {
      0.998360,0.044672,-0.035807,0.000000,-0.048145,0.993527,-0.102884,0.000000,0.030979,0.104439,0.994049,0.000000,0.106477,-0.000009,-0.000084,1.000000;;
     }

     Frame Bip01_Neck {
      

      FrameTransformMatrix {
       0.999975,-0.000000,-0.007094,0.000000,0.000000,1.000000,0.000000,0.000000,0.007094,0.000000,0.999975,0.000000,0.130504,0.000000,0.004625,1.000000;;
      }

      Frame Bip01_Head {
       

       FrameTransformMatrix {
        0.974794,-0.034782,0.220379,0.000000,0.012809,0.994869,0.100363,0.000000,-0.222739,-0.095010,0.970237,0.000000,0.033674,0.000000,0.000000,1.000000;;
       }

       Frame Bip01_HeadNub {
        

        FrameTransformMatrix {
         1.000000,0.000000,0.000000,0.000000,-0.000000,1.000000,-0.000000,0.000000,-0.000000,-0.000000,1.000000,0.000000,0.169824,0.000000,0.000000,1.000000;;
        }
       }
      }

      Frame Bip01_L_Clavicle {
       

       FrameTransformMatrix {
        0.287085,0.950242,-0.120925,0.000000,0.957885,-0.283959,0.042709,0.000000,0.006246,-0.128093,-0.991742,0.000000,-0.023991,0.015714,-0.004796,1.000000;;
       }

       Frame Bip01_L_UpperArm {
        

        FrameTransformMatrix {
         0.986859,0.107596,-0.120555,0.000000,-0.060706,0.938286,0.340491,0.000000,0.149750,-0.328698,0.932487,0.000000,0.087086,0.000000,-0.000000,1.000000;;
        }

        Frame Bip01_L_Forearm {
         

         FrameTransformMatrix {
          0.647689,0.000000,-0.761905,0.000000,0.000000,1.000000,0.000000,0.000000,0.761905,0.000000,0.647689,0.000000,0.137062,-0.000000,-0.000000,1.000000;;
         }

         Frame Bip01_L_Hand {
          

          FrameTransformMatrix {
           0.938188,0.345658,0.017980,0.000000,0.132716,-0.407220,0.903636,0.000000,0.319671,-0.845394,-0.427924,0.000000,0.137062,0.000000,-0.000000,1.000000;;
          }

          Frame Bip01_L_Finger0 {
           

           FrameTransformMatrix {
            0.438417,-0.897931,-0.038876,0.000000,0.873061,0.435749,-0.218836,0.000000,0.213439,0.062001,0.974987,0.000000,0.057681,-0.023605,-0.000272,1.000000;;
           }

           Frame Bip01_L_Finger0Nub {
            

            FrameTransformMatrix {
             1.000000,0.000000,0.000000,0.000000,-0.000000,1.000000,0.000000,0.000000,-0.000000,0.000000,1.000000,0.000000,0.029435,0.000000,0.000000,1.000000;;
            }
           }
          }

          Frame Bip01_L_Finger1 {
           

           FrameTransformMatrix {
            0.989566,0.000115,-0.144079,0.000000,0.000000,1.000000,0.000796,0.000000,0.144079,-0.000788,0.989566,0.000000,0.084102,0.000000,0.000000,1.000000;;
           }

           Frame Bip01_L_Finger1Nub {
            

            FrameTransformMatrix {
             1.000000,-0.000000,0.000000,0.000000,0.000000,1.000000,-0.000000,0.000000,-0.000000,0.000000,1.000000,0.000000,0.047988,0.000000,0.000000,1.000000;;
            }
           }
          }
         }
        }
       }
      }

      Frame Bip01_R_Clavicle {
       

       FrameTransformMatrix {
        0.107985,-0.882433,-0.457877,0.000000,-0.994137,-0.093259,-0.054723,0.000000,0.005588,0.461102,-0.887330,0.000000,-0.023991,-0.015715,-0.004795,1.000000;;
       }

       Frame Bip01_R_UpperArm {
        

        FrameTransformMatrix {
         0.910656,0.037371,-0.411471,0.000000,-0.270203,0.807276,-0.524686,0.000000,0.312563,0.588989,0.745249,0.000000,0.087086,0.000000,0.000000,1.000000;;
        }

        Frame Bip01_R_Forearm {
         

         FrameTransformMatrix {
          0.613664,-0.000000,-0.789567,0.000000,0.000000,1.000000,0.000000,0.000000,0.789567,0.000000,0.613664,0.000000,0.137062,0.000000,0.000000,1.000000;;
         }

         Frame Bip01_R_Hand {
          

          FrameTransformMatrix {
           0.907309,-0.414098,-0.072891,0.000000,-0.017218,0.136621,-0.990474,0.000000,0.420112,0.899921,0.116828,0.000000,0.137062,0.000000,0.000000,1.000000;;
          }

          Frame Bip01_R_Finger0 {
           

           FrameTransformMatrix {
            0.615720,0.720818,0.318293,0.000000,-0.787729,0.553202,0.271018,0.000000,0.019274,-0.417601,0.908427,0.000000,0.057681,0.023605,-0.000272,1.000000;;
           }

           Frame Bip01_R_Finger0Nub {
            

            FrameTransformMatrix {
             -1.000000,0.000000,-0.000000,0.000000,0.000000,1.000000,-0.000000,0.000000,-0.000000,0.000000,-1.000000,0.000000,0.029435,0.000000,0.000000,1.000000;;
            }
           }
          }

          Frame Bip01_R_Finger1 {
           

           FrameTransformMatrix {
            0.989590,0.000115,0.143914,0.000000,0.000000,1.000000,-0.000796,0.000000,-0.143914,0.000788,0.989590,0.000000,0.084102,0.000000,0.000000,1.000000;;
           }

           Frame Bip01_R_Finger1Nub {
            

            FrameTransformMatrix {
             -1.000000,-0.000000,0.000000,0.000000,-0.000000,1.000000,0.000000,0.000000,0.000000,0.000000,-1.000000,0.000000,0.047988,0.000000,0.000000,1.000000;;
            }
           }
          }
         }
        }
       }
      }
     }

     Frame Bip01_BackPack {
      

      FrameTransformMatrix {
       0.103815,-0.000002,-0.994597,0.000000,0.000003,1.000000,-0.000002,0.000000,0.994597,-0.000002,0.103815,0.000000,0.063696,-0.000000,-0.088853,1.000000;;
      }

      Frame Bip01_BackPackNub {
       

       FrameTransformMatrix {
        0.000796,0.000003,1.000000,0.000000,-0.000000,-1.000000,0.000003,0.000000,1.000000,-0.000000,-0.000796,0.000000,0.053240,0.000000,0.000000,1.000000;;
       }
      }
     }
    }

    Frame Bip01_L_Thigh {
     

     FrameTransformMatrix {
      -0.948779,0.134908,0.285689,0.000000,-0.081522,-0.978166,0.191171,0.000000,0.305241,0.158089,0.939061,0.000000,-0.050333,0.053647,0.007454,1.000000;;
     }

     Frame Bip01_L_Calf {
      

      FrameTransformMatrix {
       0.393092,0.000000,-0.919499,0.000000,-0.000000,1.000000,0.000000,0.000000,0.919499,0.000000,0.393092,0.000000,0.237500,0.000000,0.000000,1.000000;;
      }

      Frame Bip01_L_Foot {
       

       FrameTransformMatrix {
        0.992891,-0.047439,0.109170,0.000000,0.042497,0.997983,0.047164,0.000000,-0.111187,-0.042189,0.992904,0.000000,0.206841,0.000000,0.000000,1.000000;;
       }

       Frame Bip01_L_Toe0 {
        

        FrameTransformMatrix {
         0.000000,0.000000,1.000000,0.000000,0.000000,1.000000,-0.000000,0.000000,-1.000000,0.000000,0.000000,0.000000,0.065373,0.000000,0.066450,1.000000;;
        }

        Frame Bip01_L_Toe0Nub {
         

         FrameTransformMatrix {
          -1.000000,-0.000000,0.000000,0.000000,-0.000000,1.000000,0.000000,0.000000,0.000000,-0.000000,-1.000000,0.000000,0.006735,0.000000,0.000000,1.000000;;
         }
        }
       }
      }
     }
    }

    Frame Bip01_R_Thigh {
     

     FrameTransformMatrix {
      -0.986246,-0.060660,0.153753,0.000000,0.044694,-0.993441,-0.105253,0.000000,0.159129,-0.096933,0.982488,0.000000,-0.051665,-0.056790,0.008547,1.000000;;
     }

     Frame Bip01_R_Calf {
      

      FrameTransformMatrix {
       0.827382,0.000000,-0.561640,0.000000,-0.000000,1.000000,0.000000,0.000000,0.561640,-0.000000,0.827382,0.000000,0.237500,0.000000,0.000000,1.000000;;
      }

      Frame Bip01_R_Foot {
       

       FrameTransformMatrix {
        0.945105,0.018108,-0.326265,0.000000,-0.040429,0.997272,-0.061762,0.000000,0.324256,0.071562,0.943259,0.000000,0.206841,0.000000,0.000000,1.000000;;
       }

       Frame Bip01_R_Toe0 {
        

        FrameTransformMatrix {
         0.000026,-0.000245,1.000000,0.000000,0.000242,1.000000,0.000245,0.000000,-1.000000,0.000242,0.000026,0.000000,0.065373,-0.000000,0.066450,1.000000;;
        }

        Frame Bip01_R_Toe0Nub {
         

         FrameTransformMatrix {
          1.000000,0.000000,-0.000000,0.000000,0.000000,1.000000,-0.000000,0.000000,-0.000000,-0.000000,1.000000,0.000000,0.006735,-0.000000,-0.000000,1.000000;;
         }
        }
       }
      }
     }
    }
   }

   Frame Bip01_DressFront {
    

    FrameTransformMatrix {
     -0.987547,-0.017806,0.156314,0.000000,-0.000633,0.994017,0.109227,0.000000,-0.157324,0.107768,-0.981649,0.000000,-0.043979,0.001384,0.061085,1.000000;;
    }

    Frame Bip01_DressFront02 {
     

     FrameTransformMatrix {
      0.996934,0.000000,0.078250,0.000000,-0.000000,1.000000,0.000000,0.000000,-0.078250,-0.000000,0.996934,0.000000,0.183335,-0.000000,-0.000131,1.000000;;
     }

     Frame Bip01_DressFrontNub {
      

      FrameTransformMatrix {
       0.000796,0.000003,1.000000,0.000000,-0.000000,-1.000000,0.000003,0.000000,1.000000,-0.000000,-0.000796,0.000000,0.165302,0.000000,0.000000,1.000000;;
      }
     }
    }
   }

   Frame Bip01_DressBack {
    

    FrameTransformMatrix {
     -0.999620,-0.027400,-0.002884,0.000000,-0.027391,0.999620,-0.003170,0.000000,0.002970,-0.003090,-0.999991,0.000000,-0.047733,0.000001,-0.078279,1.000000;;
    }

    Frame Bip01_DressBack02 {
     

     FrameTransformMatrix {
      0.591995,-0.018745,0.805724,0.000000,-0.312268,0.916304,0.250752,0.000000,-0.742988,-0.400046,0.536594,0.000000,0.176239,0.000043,-0.000058,1.000000;;
     }

     Frame Bip01_DressBackNub {
      

      FrameTransformMatrix {
       0.000796,0.000003,1.000000,0.000000,-0.000000,-1.000000,0.000003,0.000000,1.000000,-0.000000,-0.000796,0.000000,0.136508,-0.000000,0.000000,1.000000;;
      }
     }
    }
   }
  }

  Frame Bip01_Prop1 {
   

   FrameTransformMatrix {
    0.598550,0.569274,-0.563619,0.000000,0.642817,0.078539,0.761983,0.000000,0.478043,-0.818388,-0.318929,0.000000,0.153428,0.384531,-0.361181,1.000000;;
   }
  }

  Frame Bip01_Prop2 {
   

   FrameTransformMatrix {
    -0.008986,-0.999960,-0.000000,0.000000,0.999960,-0.008986,0.000000,0.000000,-0.000000,-0.000000,1.000000,0.000000,0.103842,0.391003,0.302159,1.000000;;
   }
  }
 }

 Mesh Box {
  18;
  -1.156193;0.014750;-1.620947;,
  -1.156193;-0.014750;-1.620947;,
  -1.156193;-0.014750;-1.620947;,
  -1.156193;0.014750;-1.620947;,
  -1.156193;-0.014750;-1.620947;,
  -1.156193;0.014750;-1.620947;,
  -1.156193;-0.014750;-1.620947;,
  -1.156193;0.014750;-1.620947;,
  -1.156193;0.014750;-1.620947;,
  -1.156193;0.014750;-1.620947;,
  -1.156193;-0.014750;-1.620947;,
  -1.156193;-0.014750;-1.620947;,
  -1.156193;-0.014750;-1.620947;,
  -1.156193;0.014750;-1.620947;,
  -1.156193;-0.014750;-1.620947;,
  -1.156193;0.014750;-1.620947;,
  -1.156193;-0.014750;-1.620947;,
  -1.156193;0.014750;-1.620947;;
  12;
  3;9,12,10;,
  3;9,10,13;,
  3;13,10,14;,
  3;13,14,15;,
  3;15,14,16;,
  3;15,16,17;,
  3;17,16,11;,
  3;17,11,8;,
  3;0,5,7;,
  3;0,3,5;,
  3;2,4,1;,
  3;2,6,4;;

  MeshNormals {
   18;
   0.000000;0.000000;1.000000;,
   0.000000;0.000000;1.000000;,
   0.000000;0.000000;1.000000;,
   0.000000;0.000000;1.000000;,
   0.000000;0.000000;1.000000;,
   0.000000;0.000000;1.000000;,
   0.000000;0.000000;1.000000;,
   0.000000;0.000000;1.000000;,
   0.000000;0.000000;1.000000;,
   0.000000;0.000000;1.000000;,
   0.000000;0.000000;1.000000;,
   0.000000;0.000000;1.000000;,
   0.000000;0.000000;1.000000;,
   0.000000;0.000000;1.000000;,
   0.000000;0.000000;1.000000;,
   0.000000;0.000000;1.000000;,
   0.000000;0.000000;1.000000;,
   0.000000;0.000000;1.000000;;
   12;
   3;9,12,10;,
   3;9,10,13;,
   3;13,10,14;,
   3;13,14,15;,
   3;15,14,16;,
   3;15,16,17;,
   3;17,16,11;,
   3;17,11,8;,
   3;0,5,7;,
   3;0,3,5;,
   3;2,4,1;,
   3;2,6,4;;
  }

  MeshTextureCoords {
   18;
   0.500000;0.500000;,
   0.250000;0.500000;,
   0.250000;0.750000;,
   0.500000;0.750000;,
   0.000000;0.500000;,
   0.750000;0.750000;,
   0.000000;0.750000;,
   0.750000;0.500000;,
   1.000000;0.000000;,
   0.000000;0.000000;,
   0.250000;0.250000;,
   1.000000;0.250000;,
   0.000000;0.250000;,
   0.250000;0.000000;,
   0.500000;0.250000;,
   0.500000;0.000000;,
   0.750000;0.250000;,
   0.750000;0.000000;;
  }

  VertexDuplicationIndices {
   18;
   8;
   0,
   1,
   2,
   3,
   4,
   5,
   6,
   7,
   0,
   0,
   1,
   2,
   2,
   3,
   4,
   5,
   6,
   7;
  }

  MeshMaterialList {
   1;
   12;
   0,
   0,
   0,
   0,
   0,
   0,
   0,
   0,
   0,
   0,
   0,
   0;

   Material no_material {
    0.000000;0.000000;0.000000;0.000000;;
    0.000000;
    0.000000;0.000000;0.000000;;
    0.000000;0.000000;0.000000;;
   }
  }

  XSkinMeshHeader {
   0;
   0;
   0;
  }
 }
}

Frame Translation_Data {
 

 FrameTransformMatrix {
  1.000000,0.000000,0.000000,0.000000,0.000000,-0.000000,-1.000000,0.000000,0.000000,1.000000,-0.000000,0.000000,0.000000,-0.000000,0.000000,1.000000;;
 }
}

Frame Body {
 

 FrameTransformMatrix {
  1.000000,0.000000,0.000000,0.000000,0.000000,1.000000,0.000000,0.000000,0.000000,0.000000,1.000000,0.000000,0.000000,0.000000,0.000000,1.000000;;
 }

 Mesh Body {
  617;
  0.069621;0.825441;0.003162;,
  0.029364;0.831743;0.011359;,
  0.035425;0.804357;-0.007915;,
  0.084021;0.805501;-0.001608;,
  0.087713;0.777685;-0.009900;,
  0.043964;0.775438;-0.028150;,
  0.055543;0.742937;-0.038627;,
  0.090812;0.741881;-0.005904;,
  0.027997;0.846799;0.050971;,
  0.056007;0.839048;0.050865;,
  0.072505;0.822227;0.076617;,
  0.043659;0.823838;0.079810;,
  0.085450;0.589605;0.044052;,
  0.045251;0.578313;0.068113;,
  0.045892;0.593357;0.064567;,
  0.078594;0.601080;0.042330;,
  0.071253;0.610960;-0.012305;,
  0.085560;0.582344;0.001427;,
  0.042542;0.610331;-0.042426;,
  0.042470;0.555558;-0.042038;,
  0.071362;0.564671;-0.031261;,
  0.003326;0.778184;-0.033295;,
  0.001961;0.742837;-0.048531;,
  0.003466;0.572106;0.068169;,
  0.003128;0.589280;0.065334;,
  0.050428;0.692339;0.078952;,
  -0.001595;0.692378;0.082339;,
  -0.003944;0.728842;0.092103;,
  0.053115;0.731050;0.090346;,
  0.067568;0.521985;-0.054719;,
  0.087852;0.431275;-0.086892;,
  0.122336;0.422982;-0.055307;,
  0.098964;0.512117;-0.016333;,
  0.101704;0.325995;-0.116780;,
  0.123825;0.331270;-0.074572;,
  0.018918;0.512298;-0.041761;,
  0.014737;0.466844;0.037777;,
  0.036115;0.393195;0.001363;,
  0.038112;0.418301;-0.070310;,
  0.065387;0.331809;-0.050496;,
  0.068608;0.325255;-0.086281;,
  0.091591;0.477095;0.033514;,
  0.115442;0.402174;0.005642;,
  0.105352;0.337448;-0.044582;,
  0.104561;0.144011;0.124571;,
  0.061640;0.134288;0.115177;,
  0.055491;0.165916;0.151855;,
  0.089434;0.171781;0.157200;,
  0.097796;0.277613;-0.059119;,
  0.092160;0.225546;-0.006696;,
  0.115499;0.246240;0.019906;,
  0.123305;0.298936;-0.032480;,
  0.088337;0.170756;0.051146;,
  0.101971;0.191505;0.075571;,
  0.051840;0.277064;-0.036933;,
  0.044281;0.324792;-0.009154;,
  0.048610;0.272832;0.031097;,
  0.058427;0.238333;0.007696;,
  0.065551;0.210934;0.079858;,
  0.067068;0.178347;0.072100;,
  0.115209;0.336655;-0.001559;,
  0.109505;0.276841;0.042564;,
  0.089300;0.217210;0.080416;,
  0.093081;0.553364;0.000786;,
  0.001425;0.548277;-0.054100;,
  0.003407;0.511783;-0.046998;,
  0.018918;0.512298;-0.041761;,
  0.096950;0.537918;0.053036;,
  0.047899;0.529584;0.077663;,
  0.091489;0.489034;0.040863;,
  0.046228;0.484721;0.061506;,
  0.048101;0.646024;0.066857;,
  0.082269;0.692947;0.061498;,
  0.093883;0.699865;0.045191;,
  0.088012;0.708987;-0.007970;,
  0.071437;0.658131;-0.008619;,
  0.079719;0.650152;0.041285;,
  0.054169;0.710409;-0.044314;,
  0.048253;0.656964;-0.038013;,
  -0.001458;0.710917;-0.051498;,
  -0.000548;0.651627;-0.042860;,
  0.112840;0.869732;0.020018;,
  0.122442;0.820195;0.001326;,
  0.156724;0.893280;0.029219;,
  0.179110;0.843856;0.003802;,
  0.221868;0.864445;0.016939;,
  0.204623;0.905000;0.037362;,
  0.139423;0.798545;0.055684;,
  0.186640;0.816447;0.063447;,
  0.179110;0.843856;0.003802;,
  0.238255;0.846889;0.063000;,
  0.221868;0.864445;0.016939;,
  0.136426;0.802006;0.066050;,
  0.121303;0.842130;0.079306;,
  0.163948;0.865818;0.088970;,
  0.221213;0.887367;0.083380;,
  0.112681;0.863612;0.049321;,
  0.207857;0.917528;0.023864;,
  0.229496;0.870709;-0.001436;,
  0.264157;0.910241;-0.031733;,
  0.248648;0.938613;-0.014359;,
  0.289796;0.936185;-0.052258;,
  0.285044;0.957599;-0.042714;,
  0.229496;0.870709;-0.001436;,
  0.270659;0.863387;0.045960;,
  0.298657;0.911189;0.013905;,
  0.264157;0.910241;-0.031733;,
  0.317277;0.935470;-0.025290;,
  0.289796;0.936185;-0.052258;,
  0.249098;0.909902;0.071195;,
  0.286340;0.932807;0.027135;,
  0.311725;0.954234;-0.016572;,
  0.333479;1.058260;-0.099924;,
  0.331239;1.040642;-0.112902;,
  0.368612;1.013290;-0.099719;,
  0.370336;1.030847;-0.087074;,
  0.278544;1.010143;-0.093804;,
  0.285109;1.018866;-0.096381;,
  0.286465;1.022781;-0.086187;,
  0.274699;1.014083;-0.083518;,
  0.336108;0.948653;-0.062938;,
  0.352796;0.981179;-0.070649;,
  0.302925;0.996766;-0.078078;,
  0.291866;0.963846;-0.079789;,
  0.333071;0.969248;-0.031346;,
  0.354716;0.997648;-0.059550;,
  0.286321;0.985014;-0.047713;,
  0.306449;1.012245;-0.066059;,
  0.080049;0.857017;0.059164;,
  0.088893;0.863387;0.031397;,
  0.056007;0.839048;0.050865;,
  0.059286;0.843658;0.025828;,
  0.090576;0.736428;0.075077;,
  0.039323;0.843240;0.025099;,
  0.092794;0.847738;0.010003;,
  0.069621;0.825441;0.003162;,
  0.084021;0.805501;-0.001608;,
  0.103451;0.828204;0.009484;,
  0.097046;0.779851;0.076854;,
  0.053023;0.768982;0.091635;,
  0.099775;0.785153;0.074006;,
  -0.004899;0.764219;0.090806;,
  -0.002768;0.820805;0.070798;,
  0.072505;0.822227;0.076617;,
  0.099775;0.785153;0.074006;,
  0.089358;0.772476;0.020298;,
  0.101294;0.781595;0.064797;,
  0.122442;0.820195;0.001326;,
  0.094049;0.736660;0.042937;,
  0.088577;0.737089;0.007999;,
  0.087713;0.777685;-0.009900;,
  0.098727;0.737786;0.059253;,
  0.291866;0.963846;-0.079789;,
  0.026335;0.870920;0.054957;,
  0.035954;0.870587;0.034382;,
  -0.001370;0.848711;0.053711;,
  0.000133;0.872504;0.062741;,
  0.306449;1.012245;-0.066059;,
  0.333479;1.058260;-0.099924;,
  0.370336;1.030847;-0.087074;,
  0.283041;0.990770;-0.092167;,
  0.281723;1.002355;-0.069036;,
  0.283041;0.990770;-0.092167;,
  0.295323;1.003652;-0.092338;,
  0.302861;1.009342;-0.069611;,
  0.302861;1.009342;-0.069611;,
  0.278544;1.010143;-0.093804;,
  0.274699;1.014083;-0.083518;,
  0.286465;1.022781;-0.086187;,
  0.127976;0.112676;0.054701;,
  0.106128;0.081116;0.024047;,
  0.109610;0.062758;0.031131;,
  0.135661;0.092761;0.064460;,
  0.053418;0.183690;0.121473;,
  0.055491;0.165916;0.151855;,
  0.061640;0.134288;0.115177;,
  0.060215;0.151244;0.096694;,
  0.065551;0.210934;0.079858;,
  0.089300;0.217210;0.080416;,
  0.093835;0.192841;0.125682;,
  0.104561;0.144011;0.124571;,
  0.089434;0.171781;0.157200;,
  0.105300;0.168968;0.099969;,
  0.088337;0.170756;0.051146;,
  0.101971;0.191505;0.075571;,
  0.073208;0.063332;0.033288;,
  0.077047;0.080689;0.029384;,
  0.135661;0.092761;0.064460;,
  0.073208;0.063332;0.033288;,
  0.038112;0.418301;-0.070310;,
  0.068608;0.325255;-0.086281;,
  0.051840;0.277064;-0.036933;,
  0.058427;0.238333;0.007696;,
  0.067068;0.178347;0.072100;,
  0.067068;0.178347;0.072100;,
  0.005722;0.489882;0.000106;,
  0.046877;0.876812;0.011373;,
  0.037658;0.872110;-0.007427;,
  0.028842;0.865552;-0.005123;,
  0.028434;0.868642;0.017049;,
  0.039839;0.897082;0.034125;,
  0.032555;0.907977;0.054393;,
  0.018974;1.014006;-0.006658;,
  -0.000729;1.018474;-0.006164;,
  -0.001562;1.004635;-0.032602;,
  0.032122;0.944984;-0.050379;,
  0.028510;0.973701;-0.043666;,
  0.014954;0.943437;-0.056350;,
  0.052108;0.904660;0.013390;,
  0.043255;0.892187;-0.012126;,
  0.045524;0.888585;0.019646;,
  0.053543;0.940571;0.028630;,
  0.053171;0.949273;0.005691;,
  0.051958;0.985604;-0.002266;,
  0.042411;0.981625;-0.028211;,
  0.048066;0.943309;-0.020402;,
  0.041260;0.954608;0.064806;,
  0.051460;0.945299;0.044619;,
  0.002542;0.955975;0.077249;,
  0.001711;1.002655;0.061439;,
  0.034212;1.000318;0.050207;,
  0.048759;0.920737;-0.018047;,
  0.033577;0.914168;-0.040490;,
  0.033509;0.881706;-0.025033;,
  0.018777;0.856387;-0.034772;,
  -0.001006;0.852241;-0.043255;,
  -0.000269;0.851461;-0.022140;,
  0.024166;0.993520;-0.035876;,
  0.038739;1.003878;-0.006334;,
  0.048723;0.996625;0.031003;,
  0.034756;1.013355;0.021681;,
  0.000545;1.021398;0.031102;,
  0.017707;1.019127;0.028315;,
  0.002454;0.916911;0.067853;,
  0.048723;0.996625;0.031003;,
  0.034756;1.013355;0.021681;,
  0.058317;0.907356;0.012384;,
  0.069291;0.935675;0.028399;,
  0.063801;0.954127;0.019294;,
  0.056668;0.935202;0.015565;,
  0.069291;0.935675;0.028399;,
  0.058317;0.907356;0.012384;,
  0.063801;0.954127;0.019294;,
  0.053171;0.949273;0.005691;,
  0.053642;0.924677;0.000385;,
  0.052108;0.904660;0.013390;,
  0.033109;0.936382;-0.041786;,
  0.053642;0.924677;0.000385;,
  0.039323;0.843240;0.025099;,
  0.035954;0.870587;0.034382;,
  0.059286;0.843658;0.025828;,
  0.039839;0.897082;0.034125;,
  0.002534;0.824032;-0.010519;,
  0.002770;0.801426;-0.019349;,
  -0.000871;0.606728;-0.045158;,
  0.006044;0.524982;0.078033;,
  0.007412;0.492066;0.068479;,
  0.007259;0.474230;0.057681;,
  0.001803;0.857850;-0.006738;,
  0.005722;0.489882;0.000106;,
  0.017707;1.019127;0.028315;,
  0.000545;1.021398;0.031102;,
  0.018962;0.887612;-0.041753;,
  0.011013;0.909902;-0.049612;,
  0.011272;0.900254;-0.049364;,
  -0.001908;0.994538;-0.044344;,
  -0.002185;0.972061;-0.056266;,
  0.013260;0.934990;-0.046589;,
  0.000731;0.644025;0.069274;,
  0.059286;0.843658;0.025828;,
  0.109610;0.062758;0.031131;,
  0.018427;0.881048;-0.041162;,
  0.010542;0.878614;-0.047737;,
  0.010444;0.883593;-0.044372;,
  -0.002046;0.907008;-0.063643;,
  -0.001658;0.898947;-0.053866;,
  0.009996;0.887279;-0.049360;,
  -0.001241;0.883797;-0.044497;,
  -0.001388;0.876760;-0.049980;,
  -0.002212;0.941890;-0.062320;,
  -0.002005;0.932698;-0.057974;,
  0.101294;0.781595;0.064797;,
  -0.001545;0.887108;-0.052696;,
  0.084393;0.770823;0.035650;,
  0.089358;0.772476;0.020298;,
  0.087713;0.777685;-0.009900;,
  0.051460;0.945299;0.044619;,
  0.097796;0.277613;-0.059119;,
  0.048385;0.272966;-0.112747;,
  0.057952;0.209064;-0.093193;,
  0.092160;0.225546;-0.006696;,
  0.101704;0.325995;-0.116780;,
  0.051039;0.338673;-0.129311;,
  0.087852;0.431275;-0.086892;,
  0.030043;0.429054;-0.096417;,
  0.067568;0.521985;-0.054719;,
  0.018985;0.513404;-0.070305;,
  0.042470;0.555558;-0.042038;,
  0.058255;0.146937;-0.079514;,
  0.088337;0.170756;0.051146;,
  0.047317;0.279064;0.064380;,
  0.047048;0.228679;0.113248;,
  0.013348;0.175394;0.157682;,
  0.012286;0.230706;0.111505;,
  0.014508;0.276678;0.061838;,
  0.045882;0.333335;0.002621;,
  0.013094;0.316683;0.034286;,
  0.053790;0.334857;-0.026367;,
  0.033245;0.388636;0.015321;,
  0.010149;0.394061;0.044115;,
  0.008434;0.464510;0.065359;,
  0.084393;0.770823;0.035650;,
  -0.071282;0.820360;0.007223;,
  -0.082910;0.800652;0.000301;,
  -0.030985;0.805341;-0.012206;,
  -0.026649;0.832573;0.007740;,
  -0.083014;0.780247;-0.019669;,
  -0.090116;0.742478;-0.013561;,
  -0.052251;0.743292;-0.043189;,
  -0.037699;0.776648;-0.033427;,
  -0.029946;0.847657;0.047228;,
  -0.049858;0.825224;0.073768;,
  -0.076039;0.822311;0.069216;,
  -0.055475;0.834415;0.053576;,
  -0.080989;0.581417;0.048427;,
  -0.074312;0.593916;0.046666;,
  -0.039806;0.589342;0.066997;,
  -0.038671;0.574185;0.070319;,
  -0.071076;0.604290;-0.008269;,
  -0.082620;0.574071;0.005848;,
  -0.044205;0.606267;-0.039966;,
  -0.068397;0.557384;-0.027971;,
  -0.039448;0.551529;-0.039885;,
  0.003128;0.589280;0.065334;,
  0.003466;0.572106;0.068169;,
  -0.053503;0.691159;0.077501;,
  -0.060634;0.731425;0.085532;,
  -0.003944;0.728842;0.092103;,
  -0.001595;0.692378;0.082339;,
  -0.058251;0.509668;-0.048662;,
  -0.088264;0.500582;-0.008830;,
  -0.098870;0.404031;-0.033881;,
  -0.065239;0.412158;-0.066414;,
  -0.088074;0.311031;-0.039080;,
  -0.065558;0.312136;-0.085793;,
  -0.008102;0.507070;-0.033546;,
  -0.014515;0.408272;-0.048266;,
  -0.010453;0.394117;0.026262;,
  0.001190;0.470584;0.046951;,
  -0.032401;0.311394;-0.050246;,
  -0.029741;0.315079;-0.009401;,
  -0.090335;0.393202;0.029406;,
  -0.076560;0.472089;0.044094;,
  -0.070159;0.316536;-0.004043;,
  -0.059578;0.077218;0.090792;,
  -0.046853;0.107001;0.122661;,
  -0.012615;0.104938;0.116447;,
  -0.016092;0.072278;0.080327;,
  -0.059810;0.255804;-0.045188;,
  -0.087123;0.263544;-0.013422;,
  -0.078227;0.194370;0.013370;,
  -0.053114;0.187115;-0.018209;,
  -0.063690;0.122717;0.041849;,
  -0.048285;0.110606;0.014040;,
  -0.014553;0.247813;-0.022997;,
  -0.020498;0.194058;0.001706;,
  -0.013109;0.216334;0.037529;,
  -0.010208;0.280301;0.022085;,
  -0.027614;0.114797;0.036903;,
  -0.028744;0.142145;0.052270;,
  -0.074438;0.213262;0.046753;,
  -0.081832;0.285636;0.030492;,
  -0.052943;0.146344;0.053558;,
  -0.087286;0.544491;0.005527;,
  -0.008102;0.507070;-0.033546;,
  -0.036023;0.525456;0.079869;,
  -0.086878;0.528875;0.057868;,
  -0.031286;0.483842;0.067007;,
  -0.077541;0.482998;0.048488;,
  -0.046718;0.643695;0.067642;,
  -0.084895;0.691049;0.059164;,
  -0.096212;0.697707;0.042537;,
  -0.078985;0.646255;0.042600;,
  -0.072054;0.654608;-0.007429;,
  -0.089158;0.706975;-0.010444;,
  -0.049429;0.654565;-0.037203;,
  -0.054437;0.709175;-0.045830;,
  -0.118570;0.853397;0.043918;,
  -0.168335;0.860549;0.050018;,
  -0.110167;0.811204;0.011595;,
  -0.217767;0.855871;0.051595;,
  -0.219093;0.820370;0.018479;,
  -0.171278;0.817127;0.008839;,
  -0.125607;0.770371;0.054094;,
  -0.171278;0.817127;0.008839;,
  -0.176607;0.771913;0.056723;,
  -0.219093;0.820370;0.018479;,
  -0.235211;0.786425;0.053781;,
  -0.125019;0.771179;0.065382;,
  -0.173370;0.815336;0.098048;,
  -0.124679;0.807868;0.091230;,
  -0.234056;0.821820;0.086792;,
  -0.119823;0.838927;0.070095;,
  -0.221823;0.870592;0.041295;,
  -0.260642;0.891714;0.001091;,
  -0.264268;0.866971;-0.025781;,
  -0.224594;0.829703;0.001035;,
  -0.295943;0.908797;-0.029815;,
  -0.295626;0.888224;-0.046276;,
  -0.224594;0.829703;0.001035;,
  -0.264268;0.866971;-0.025781;,
  -0.304095;0.845970;0.009529;,
  -0.268507;0.798909;0.034485;,
  -0.295626;0.888224;-0.046276;,
  -0.324804;0.877332;-0.021839;,
  -0.300859;0.864943;0.030110;,
  -0.265700;0.839521;0.074586;,
  -0.324209;0.892224;-0.011082;,
  -0.351015;1.005539;-0.088049;,
  -0.383461;0.979090;-0.065186;,
  -0.382113;0.959603;-0.074651;,
  -0.349199;0.985958;-0.097906;,
  -0.305688;0.957015;-0.094180;,
  -0.297166;0.962372;-0.088283;,
  -0.309117;0.970596;-0.085000;,
  -0.313256;0.965280;-0.093699;,
  -0.348866;0.899385;-0.047725;,
  -0.307993;0.913006;-0.072543;,
  -0.315974;0.946334;-0.066674;,
  -0.364297;0.933342;-0.049901;,
  -0.362670;0.949060;-0.037720;,
  -0.337905;0.917439;-0.016335;,
  -0.294441;0.931442;-0.041171;,
  -0.315799;0.961099;-0.053316;,
  -0.077622;0.843945;0.072694;,
  -0.093007;0.849687;0.047832;,
  -0.061435;0.838279;0.030658;,
  -0.055475;0.834415;0.053576;,
  -0.096643;0.737045;0.067154;,
  -0.037949;0.844385;0.020107;,
  -0.098560;0.834678;0.027344;,
  -0.102514;0.816295;0.027993;,
  -0.082910;0.800652;0.000301;,
  -0.071282;0.820360;0.007223;,
  -0.101618;0.779952;0.065277;,
  -0.103713;0.784810;0.062543;,
  -0.062280;0.770691;0.084185;,
  -0.004899;0.764219;0.090806;,
  -0.002768;0.820805;0.070798;,
  -0.076039;0.822311;0.069216;,
  -0.103713;0.784810;0.062543;,
  -0.086823;0.771853;0.014095;,
  -0.110167;0.811204;0.011595;,
  -0.101703;0.779672;0.056204;,
  -0.089089;0.737676;0.000480;,
  -0.097439;0.737292;0.034833;,
  -0.083014;0.780247;-0.019669;,
  -0.103442;0.738453;0.050698;,
  -0.307993;0.913006;-0.072543;,
  -0.034348;0.870967;0.032983;,
  -0.025674;0.871202;0.053922;,
  0.000133;0.872504;0.062741;,
  -0.001370;0.848711;0.053711;,
  -0.315799;0.961099;-0.053316;,
  -0.351015;1.005539;-0.088049;,
  -0.383461;0.979090;-0.065186;,
  -0.294167;0.952805;-0.071077;,
  -0.307010;0.938064;-0.088070;,
  -0.307010;0.938064;-0.088070;,
  -0.318354;0.950782;-0.082932;,
  -0.312645;0.959623;-0.060683;,
  -0.312645;0.959623;-0.060683;,
  -0.297166;0.962372;-0.088283;,
  -0.305688;0.957015;-0.094180;,
  -0.309117;0.970596;-0.085000;,
  -0.081106;0.042404;0.021969;,
  -0.086222;0.021893;0.032170;,
  -0.057814;-0.005457;-0.001514;,
  -0.056626;0.013070;-0.008907;,
  -0.013371;0.122381;0.085813;,
  -0.017086;0.089012;0.061614;,
  -0.016092;0.072278;0.080327;,
  -0.012615;0.104938;0.116447;,
  -0.028744;0.142145;0.052270;,
  -0.054442;0.126959;0.091033;,
  -0.052943;0.146344;0.053558;,
  -0.059578;0.077218;0.090792;,
  -0.063791;0.101564;0.065929;,
  -0.046853;0.107001;0.122661;,
  -0.048285;0.110606;0.014040;,
  -0.063690;0.122717;0.041849;,
  -0.027556;0.016017;-0.004373;,
  -0.021669;-0.000734;-0.000374;,
  -0.021669;-0.000734;-0.000374;,
  -0.086222;0.021893;0.032170;,
  -0.014515;0.408272;-0.048266;,
  -0.032401;0.311394;-0.050246;,
  -0.014553;0.247813;-0.022997;,
  -0.020498;0.194058;0.001706;,
  -0.027614;0.114797;0.036903;,
  -0.027614;0.114797;0.036903;,
  -0.045286;0.876253;0.014568;,
  -0.026023;0.868936;0.015966;,
  -0.028301;0.865205;-0.003141;,
  -0.037334;0.871655;-0.004827;,
  -0.036935;0.896615;0.036787;,
  -0.028397;0.907606;0.056506;,
  -0.020364;1.013767;-0.005294;,
  -0.000729;1.018474;-0.006164;,
  -0.035670;0.944572;-0.048028;,
  -0.018941;0.943231;-0.055174;,
  -0.031951;0.973334;-0.041570;,
  -0.043487;0.891660;-0.009118;,
  -0.050701;0.904036;0.016955;,
  -0.043505;0.888044;0.022733;,
  -0.051512;0.939933;0.032273;,
  -0.052836;0.948630;0.009367;,
  -0.049479;0.942716;-0.017019;,
  -0.044843;0.981095;-0.025186;,
  -0.052618;0.984969;0.001360;,
  -0.048384;0.944692;0.048081;,
  -0.036924;0.954133;0.067517;,
  0.002542;0.955975;0.077249;,
  -0.031459;0.999920;0.052484;,
  0.001711;1.002655;0.061439;,
  -0.049734;0.920138;-0.014632;,
  -0.034531;0.881293;-0.022674;,
  -0.036064;0.913745;-0.038076;,
  -0.020203;0.856150;-0.033421;,
  -0.027318;0.993207;-0.034091;,
  -0.039935;1.003400;-0.003606;,
  -0.034136;1.012936;0.024070;,
  -0.047220;0.996042;0.034330;,
  -0.016740;1.018918;0.029509;,
  0.000545;1.021398;0.031102;,
  0.002454;0.916911;0.067853;,
  -0.047220;0.996042;0.034330;,
  -0.034136;1.012936;0.024070;,
  -0.056997;0.906656;0.016383;,
  -0.055470;0.934521;0.019453;,
  -0.062557;0.953360;0.023675;,
  -0.067178;0.934846;0.033131;,
  -0.056997;0.906656;0.016383;,
  -0.067178;0.934846;0.033131;,
  -0.062557;0.953360;0.023675;,
  -0.052836;0.948630;0.009367;,
  -0.053375;0.924027;0.004096;,
  -0.050701;0.904036;0.016955;,
  -0.035956;0.935963;-0.039391;,
  -0.053375;0.924027;0.004096;,
  -0.034348;0.870967;0.032983;,
  -0.037949;0.844385;0.020107;,
  -0.061435;0.838279;0.030658;,
  -0.036935;0.896615;0.036787;,
  0.006044;0.524982;0.078033;,
  0.007412;0.492066;0.068479;,
  0.007259;0.474230;0.057681;,
  0.005722;0.489882;0.000106;,
  -0.016740;1.018918;0.029509;,
  0.000545;1.021398;0.031102;,
  -0.021251;0.887368;-0.040359;,
  -0.014260;0.900099;-0.048479;,
  -0.014136;0.909749;-0.048740;,
  -0.016472;0.934810;-0.045558;,
  0.000731;0.644025;0.069274;,
  -0.061435;0.838279;0.030658;,
  -0.057814;-0.005457;-0.001514;,
  -0.013157;0.878470;-0.046915;,
  -0.020596;0.880811;-0.039809;,
  -0.012886;0.883451;-0.043563;,
  -0.012830;0.887141;-0.048569;,
  -0.101703;0.779672;0.056204;,
  -0.082937;0.770631;0.028672;,
  -0.086823;0.771853;0.014095;,
  -0.083014;0.780247;-0.019669;,
  -0.048384;0.944692;0.048081;,
  -0.017073;0.268041;-0.101646;,
  -0.020602;0.194208;-0.094718;,
  0.015353;0.204372;-0.116916;,
  0.014009;0.275830;-0.117202;,
  -0.025394;0.327630;-0.106094;,
  0.010648;0.338418;-0.121546;,
  -0.013874;0.419516;-0.082267;,
  0.007605;0.423496;-0.092142;,
  -0.010245;0.506735;-0.064457;,
  0.004169;0.506132;-0.068837;,
  0.001425;0.548277;-0.054100;,
  -0.039448;0.551529;-0.039885;,
  -0.018695;0.124729;-0.093396;,
  0.016195;0.143421;-0.120207;,
  -0.002834;0.147640;0.095120;,
  -0.052929;0.146346;0.053557;,
  -0.074438;0.213262;0.046753;,
  -0.010138;0.216170;0.066502;,
  -0.081832;0.285636;0.030492;,
  -0.015945;0.281116;0.038429;,
  -0.017992;0.317481;0.022262;,
  -0.070159;0.316536;-0.004043;,
  -0.090335;0.393202;0.029406;,
  -0.006730;0.390749;0.043029;,
  0.007412;0.492066;0.068479;,
  -0.031286;0.483842;0.067007;,
  -0.082937;0.770631;0.028672;,
  -0.058251;0.509668;-0.048662;,
  -0.065239;0.412158;-0.066414;,
  -0.065558;0.312136;-0.085793;,
  -0.059810;0.255804;-0.045188;,
  -0.053114;0.187115;-0.018209;,
  -0.048285;0.110606;0.014040;,
  0.091591;0.477095;0.033514;,
  0.115442;0.402174;0.005642;,
  0.046228;0.484721;0.061506;,
  0.105352;0.337448;-0.044582;,
  0.115209;0.336655;-0.001559;,
  0.109505;0.276841;0.042564;,
  0.089300;0.217210;0.080416;,
  -0.076560;0.472089;0.044094;;
  916;
  3;0,2,1;,
  3;2,0,3;,
  3;4,6,5;,
  3;6,4,7;,
  3;8,10,9;,
  3;10,8,11;,
  3;12,14,13;,
  3;14,12,15;,
  3;16,12,17;,
  3;12,16,15;,
  3;18,20,19;,
  3;20,18,16;,
  3;5,22,21;,
  3;22,5,6;,
  3;13,24,23;,
  3;24,13,14;,
  3;25,27,26;,
  3;27,25,28;,
  3;29,31,30;,
  3;31,29,32;,
  3;31,33,30;,
  3;33,31,34;,
  3;35,37,36;,
  3;37,35,38;,
  3;38,39,37;,
  3;39,38,40;,
  3;36,42,41;,
  3;42,36,37;,
  3;37,43,42;,
  3;43,37,39;,
  3;41,31,32;,
  3;31,41,42;,
  3;42,34,31;,
  3;34,42,43;,
  3;44,46,45;,
  3;46,44,47;,
  3;48,50,49;,
  3;50,48,51;,
  3;49,53,52;,
  3;53,49,50;,
  3;54,56,55;,
  3;56,54,57;,
  3;57,58,56;,
  3;58,57,59;,
  3;55,61,60;,
  3;61,55,56;,
  3;56,62,61;,
  3;62,56,58;,
  3;60,50,51;,
  3;50,60,61;,
  3;61,53,50;,
  3;53,61,62;,
  3;32,20,63;,
  3;20,32,29;,
  3;64,66,65;,
  3;66,64,19;,
  3;13,67,12;,
  3;67,13,68;,
  3;68,69,67;,
  3;69,68,70;,
  3;70,41,69;,
  3;41,70,36;,
  3;48,34,51;,
  3;34,48,33;,
  3;51,43,60;,
  3;43,51,34;,
  3;43,55,60;,
  3;55,43,39;,
  3;39,54,55;,
  3;54,39,40;,
  3;12,63,17;,
  3;63,12,67;,
  3;67,32,63;,
  3;32,67,69;,
  3;69,41,32;,
  3;71,72,25;,
  3;73,75,74;,
  3;75,73,76;,
  3;75,77,74;,
  3;77,75,78;,
  3;79,78,80;,
  3;78,79,77;,
  3;81,83,82;,
  3;83,85,84;,
  3;85,83,86;,
  3;87,89,88;,
  3;89,90,88;,
  3;90,89,91;,
  3;92,94,93;,
  3;92,88,94;,
  3;92,87,88;,
  3;88,95,94;,
  3;95,88,90;,
  3;96,94,83;,
  3;94,86,83;,
  3;86,94,95;,
  3;97,99,98;,
  3;99,97,100;,
  3;100,101,99;,
  3;101,100,102;,
  3;103,105,104;,
  3;105,103,106;,
  3;106,107,105;,
  3;107,106,108;,
  3;104,110,109;,
  3;110,104,105;,
  3;105,111,110;,
  3;111,105,107;,
  3;109,100,97;,
  3;100,109,110;,
  3;110,102,100;,
  3;102,110,111;,
  3;112,114,113;,
  3;114,112,115;,
  3;116,118,117;,
  3;118,116,119;,
  3;120,122,121;,
  3;122,120,123;,
  3;120,125,124;,
  3;125,120,121;,
  3;126,125,127;,
  3;125,126,124;,
  3;95,97,86;,
  3;97,95,109;,
  3;86,98,85;,
  3;98,86,97;,
  3;90,103,104;,
  3;103,90,91;,
  3;104,95,90;,
  3;95,104,109;,
  3;128,96,129;,
  3;96,128,93;,
  3;129,130,128;,
  3;130,129,131;,
  3;72,28,25;,
  3;28,72,132;,
  3;9,133,8;,
  3;134,136,135;,
  3;136,134,137;,
  3;81,137,134;,
  3;138,11,139;,
  3;138,10,11;,
  3;138,140,10;,
  3;141,11,142;,
  3;11,141,139;,
  3;128,130,143;,
  3;93,144,92;,
  3;93,143,144;,
  3;93,128,143;,
  3;145,87,146;,
  3;87,145,147;,
  3;74,148,73;,
  3;148,74,149;,
  3;150,147,145;,
  3;7,149,74;,
  3;148,151,73;,
  3;102,152,101;,
  3;152,102,126;,
  3;102,124,126;,
  3;124,102,111;,
  3;111,120,124;,
  3;120,111,107;,
  3;120,108,123;,
  3;108,120,107;,
  3;8,154,153;,
  3;154,8,133;,
  3;153,155,8;,
  3;155,153,156;,
  3;121,113,114;,
  3;113,121,122;,
  3;122,112,113;,
  3;112,122,157;,
  3;158,125,159;,
  3;125,158,127;,
  3;159,121,114;,
  3;121,159,125;,
  3;126,160,152;,
  3;160,126,161;,
  3;162,122,123;,
  3;122,162,163;,
  3;122,164,157;,
  3;164,122,163;,
  3;165,126,127;,
  3;126,165,161;,
  3;161,166,160;,
  3;166,161,167;,
  3;162,117,163;,
  3;117,162,116;,
  3;163,118,164;,
  3;118,163,117;,
  3;165,167,161;,
  3;167,165,168;,
  3;169,171,170;,
  3;171,169,172;,
  3;173,175,174;,
  3;175,173,176;,
  3;177,179,178;,
  3;179,177,173;,
  3;180,179,181;,
  3;179,180,182;,
  3;183,169,170;,
  3;169,183,184;,
  3;175,186,185;,
  3;186,175,176;,
  3;45,187,44;,
  3;187,45,188;,
  3;180,169,182;,
  3;169,180,172;,
  3;19,29,66;,
  3;20,29,19;,
  3;29,30,189;,
  3;30,190,189;,
  3;190,30,33;,
  3;33,191,190;,
  3;191,33,48;,
  3;191,49,192;,
  3;49,191,48;,
  3;192,52,193;,
  3;52,192,49;,
  3;194,170,186;,
  3;170,194,183;,
  3;170,185,186;,
  3;185,170,171;,
  3;186,176,194;,
  3;194,173,177;,
  3;173,194,176;,
  3;179,174,181;,
  3;174,179,173;,
  3;178,182,184;,
  3;182,178,179;,
  3;182,169,184;,
  3;16,17,20;,
  3;17,63,20;,
  3;66,195,65;,
  3;196,198,197;,
  3;198,196,199;,
  3;200,153,154;,
  3;153,200,201;,
  3;202,204,203;,
  3;205,207,206;,
  3;196,209,208;,
  3;209,196,197;,
  3;210,208,211;,
  3;208,210,196;,
  3;212,214,213;,
  3;214,212,215;,
  3;212,213,211;,
  3;201,217,216;,
  3;217,201,200;,
  3;218,220,219;,
  3;220,218,216;,
  3;210,199,196;,
  3;214,205,206;,
  3;221,223,222;,
  3;197,198,224;,
  3;224,226,225;,
  3;226,224,198;,
  3;227,214,206;,
  3;228,229,213;,
  3;229,228,230;,
  3;219,232,231;,
  3;214,228,213;,
  3;156,201,233;,
  3;201,156,153;,
  3;233,216,218;,
  3;216,233,201;,
  3;220,216,234;,
  3;235,220,234;,
  3;236,238,237;,
  3;238,236,239;,
  3;208,240,211;,
  3;240,208,241;,
  3;211,242,212;,
  3;242,211,240;,
  3;243,239,244;,
  3;239,243,238;,
  3;244,236,245;,
  3;236,244,239;,
  3;246,221,222;,
  3;221,246,215;,
  3;221,212,247;,
  3;212,221,215;,
  3;199,248,1;,
  3;248,199,249;,
  3;133,9,250;,
  3;249,210,251;,
  3;210,249,199;,
  3;210,211,251;,
  3;252,2,253;,
  3;2,252,1;,
  3;19,254,18;,
  3;254,19,64;,
  3;23,68,13;,
  3;68,23,255;,
  3;68,256,70;,
  3;256,68,255;,
  3;256,36,70;,
  3;36,256,257;,
  3;258,1,252;,
  3;1,258,199;,
  3;257,259,36;,
  3;36,259,35;,
  3;260,203,261;,
  3;203,260,202;,
  3;262,263,222;,
  3;263,262,264;,
  3;198,258,226;,
  3;258,198,199;,
  3;265,204,227;,
  3;265,206,266;,
  3;206,265,227;,
  3;222,267,246;,
  3;267,222,263;,
  3;89,87,147;,
  3;82,83,84;,
  3;78,16,18;,
  3;16,78,75;,
  3;75,15,16;,
  3;15,75,76;,
  3;15,71,14;,
  3;71,15,76;,
  3;14,268,24;,
  3;268,14,71;,
  3;248,269,1;,
  3;1,269,0;,
  3;135,129,134;,
  3;129,135,131;,
  3;134,96,81;,
  3;96,134,129;,
  3;96,83,81;,
  3;94,96,93;,
  3;29,189,66;,
  3;205,215,246;,
  3;267,205,246;,
  3;205,267,207;,
  3;205,214,215;,
  3;187,188,270;,
  3;224,272,271;,
  3;223,221,209;,
  3;224,223,197;,
